Date,Open,High,Low,Close,Adj Close,Volume
2020-05-01,233.0,237.0500030517578,228.0,230.97999572753906,205.717041015625,3045400
2020-05-04,232.44000244140625,232.9199981689453,228.10000610351562,230.91000366210938,205.6547088623047,2035800
2020-05-05,231.27999877929688,237.97999572753906,229.1699981689453,236.36000061035156,210.50860595703125,1975500
2020-05-06,237.30999755859375,239.67999267578125,235.69000244140625,236.58999633789062,210.7134552001953,1980500
2020-05-07,236.89999389648438,237.97000122070312,232.10000610351562,233.3300018310547,207.81004333496094,2451200
2020-05-08,234.9499969482422,235.72999572753906,231.60000610351562,234.82000732421875,209.13705444335938,1534300
2020-05-11,233.07000732421875,243.49000549316406,232.50999450683594,242.74000549316406,216.19082641601562,2163700
2020-05-12,242.67999267578125,244.5,237.0500030517578,237.2100067138672,211.26568603515625,2241000
2020-05-13,235.22000122070312,243.94000244140625,235.22000122070312,236.8300018310547,210.92724609375,2292700
2020-05-14,235.9499969482422,238.97000122070312,233.8000030517578,237.97999572753906,211.95140075683594,3322700
2020-05-15,234.42999267578125,240.42999267578125,233.88999938964844,240.1999969482422,215.3766326904297,3111500
2020-05-18,243.66000366210938,244.38999938964844,231.8000030517578,233.19000244140625,209.09109497070312,5631400
2020-05-19,232.63999938964844,233.44000244140625,227.1699981689453,227.42999267578125,203.92636108398438,3835800
2020-05-20,229.27000427246094,230.1199951171875,225.63999938964844,227.8699951171875,204.32089233398438,3714600
2020-05-21,228.11000061035156,228.24000549316406,224.0,224.77999877929688,201.5502166748047,2377500
2020-05-22,224.1699981689453,226.77000427246094,223.61000061035156,226.42999267578125,203.02969360351562,2334300
2020-05-26,227.52999877929688,228.35000610351562,221.72999572753906,222.39999389648438,199.41619873046875,2397800
2020-05-27,222.32000732421875,225.1300048828125,217.47000122070312,224.80999755859375,201.57711791992188,2932100
2020-05-28,226.25999450683594,226.6199951171875,222.25,224.1300048828125,200.96739196777344,2591000
2020-05-29,225.0,230.57000732421875,222.05999755859375,229.6999969482422,205.96177673339844,4251200
2020-06-01,228.88999938964844,230.5399932861328,225.7100067138672,226.91000366210938,203.4601287841797,1816700
2020-06-02,225.8000030517578,226.36000061035156,222.5800018310547,223.72000122070312,200.5997772216797,3198900
2020-06-03,223.49000549316406,224.2899932861328,218.25,221.0,198.16090393066406,3660500
2020-06-04,220.77000427246094,223.4499969482422,219.2100067138672,220.8800048828125,198.05325317382812,2392800
2020-06-05,219.6999969482422,225.9499969482422,218.1999969482422,225.6699981689453,202.34825134277344,3714600
2020-06-08,223.27000427246094,226.25,221.75,225.75,202.41998291015625,2270500
2020-06-09,226.0,228.30999755859375,224.57000732421875,224.89999389648438,201.65782165527344,2403600
2020-06-10,226.67999267578125,229.49000549316406,225.52000427246094,227.1199951171875,203.6483917236328,2851300
2020-06-11,228.05999755859375,229.77999877929688,218.6699981689453,218.89999389648438,196.27792358398438,3900700
2020-06-12,221.10000610351562,222.35000610351562,214.1999969482422,217.89999389648438,195.38125610351562,2426600
2020-06-15,215.80999755859375,221.0,213.86000061035156,219.77999877929688,197.0669403076172,2471800
2020-06-16,222.8300018310547,228.8800048828125,222.6199951171875,226.8699951171875,203.42422485351562,2581600
2020-06-17,228.5399932861328,228.80999755859375,224.52999877929688,225.97000122070312,202.6172332763672,2751100
2020-06-18,226.86000061035156,231.47999572753906,225.67999267578125,230.32000732421875,206.51773071289062,2469800
2020-06-19,233.3800048828125,239.07000732421875,231.30999755859375,238.6999969482422,214.03167724609375,5319500
2020-06-22,236.30999755859375,237.64999389648438,233.05999755859375,234.19000244140625,209.9877471923828,2337000
2020-06-23,234.8699951171875,239.1699981689453,233.44000244140625,235.75,211.3865203857422,2171500
2020-06-24,235.2100067138672,237.0,231.39999389648438,232.50999450683594,208.4813690185547,1972900
2020-06-25,231.5,235.44000244140625,230.38999938964844,235.11000061035156,210.81268310546875,2080300
2020-06-26,235.3699951171875,236.86000061035156,231.82000732421875,232.83999633789062,208.7772674560547,3613300
2020-06-29,233.39999389648438,234.13999938964844,229.97999572753906,231.55999755859375,207.6295623779297,1938000
2020-06-30,233.30999755859375,237.32000732421875,231.8000030517578,235.86000061035156,211.4851531982422,2589000
2020-07-01,235.52000427246094,256.2300109863281,232.5800018310547,255.1199951171875,228.75473022460938,6575800
2020-07-02,252.8699951171875,261.4599914550781,252.8699951171875,258.239990234375,231.55230712890625,3338000
2020-07-06,260.0299987792969,264.9700012207031,253.89999389648438,256.25,229.76797485351562,3460400
2020-07-07,253.60000610351562,258.9100036621094,252.08999633789062,253.14999389648438,226.98834228515625,2365900
2020-07-08,253.14999389648438,253.97999572753906,249.25,251.58999633789062,225.58953857421875,1993700
2020-07-09,250.25,253.8300018310547,248.83999633789062,251.66000366210938,225.65235900878906,1739600
2020-07-10,250.64999389648438,251.57000732421875,247.07000732421875,249.0399932861328,223.30308532714844,1326100
2020-07-13,249.8300018310547,255.42999267578125,249.27999877929688,250.0399932861328,224.19972229003906,2528100
2020-07-14,242.75999450683594,253.7899932861328,240.47999572753906,253.08999633789062,226.9345245361328,2368300
2020-07-15,254.57000732421875,254.57000732421875,250.77000427246094,253.30999755859375,227.1318359375,1650100
2020-07-16,252.05999755859375,255.2899932861328,249.9199981689453,255.1999969482422,228.8264923095703,1530900
2020-07-17,256.70001220703125,259.95001220703125,254.75999450683594,258.4599914550781,231.74954223632812,2044800
2020-07-20,260.0799865722656,262.82000732421875,258.32000732421875,260.95001220703125,233.98223876953125,1497400
2020-07-21,258.6199951171875,260.0299987792969,257.2799987792969,257.9100036621094,231.25643920898438,1821600
2020-07-22,259.7900085449219,260.0,255.8000030517578,256.9800109863281,230.4225616455078,1598100
2020-07-23,259.5400085449219,260.0,251.60000610351562,252.24000549316406,226.1724090576172,2532000
2020-07-24,251.25999450683594,251.8300018310547,245.5,247.97999572753906,222.35264587402344,2187900
2020-07-27,247.3000030517578,255.10000610351562,247.02999877929688,253.64999389648438,227.43667602539062,2155700
2020-07-28,254.4600067138672,258.3999938964844,253.77000427246094,255.27000427246094,228.88925170898438,2266600
2020-07-29,250.39999389648438,252.85000610351562,245.74000549316406,248.85000610351562,223.1327362060547,3286700
2020-07-30,246.39999389648438,247.82000732421875,245.1999969482422,246.13999938964844,220.7027587890625,1967400
2020-07-31,245.6300048828125,246.10000610351562,239.38999938964844,244.6699981689453,219.3846893310547,2830100
2020-08-03,244.85000610351562,249.02000427246094,244.52999877929688,247.36000061035156,221.79672241210938,1853900
2020-08-04,245.97000122070312,246.1699981689453,241.33999633789062,243.58999633789062,218.4163360595703,1912100
2020-08-05,243.91000366210938,245.41000366210938,240.8000030517578,241.47000122070312,216.5154266357422,1736400
2020-08-06,240.85000610351562,242.1999969482422,239.11000061035156,241.5500030517578,216.5871124267578,1747000
2020-08-07,243.5800018310547,243.6199951171875,238.57000732421875,240.69000244140625,215.81600952148438,1352300
2020-08-10,240.25999450683594,240.6699981689453,236.2100067138672,238.1699981689453,213.55642700195312,1533200
2020-08-11,238.17999267578125,238.89999389648438,234.36000061035156,234.64999389648438,210.4002227783203,2296200
2020-08-12,234.69000244140625,243.0,234.69000244140625,241.72000122070312,216.7395782470703,2325500
2020-08-13,241.30999755859375,242.77000427246094,239.61000061035156,240.4600067138672,215.6097869873047,1362800
2020-08-14,239.2100067138672,240.05999755859375,238.6199951171875,239.7100067138672,216.3770751953125,1225000
2020-08-17,240.2100067138672,244.74000549316406,240.2100067138672,243.00999450683594,219.35581970214844,1697500
2020-08-18,243.52000427246094,244.30999755859375,240.02000427246094,241.5,217.9927978515625,1123800
2020-08-19,241.02000427246094,243.72999572753906,238.5,240.49000549316406,217.0811004638672,1900500
2020-08-20,240.1300048828125,240.69000244140625,237.3000030517578,238.72999572753906,215.49241638183594,1172800
2020-08-21,238.8800048828125,238.8800048828125,235.50999450683594,237.63999938964844,214.508544921875,1959900
2020-08-24,237.72999572753906,238.44000244140625,233.55999755859375,235.57000732421875,212.64004516601562,1565300
2020-08-25,242.89999389648438,249.9600067138672,240.8000030517578,248.22000122070312,224.05873107910156,6392100
2020-08-26,248.3300018310547,251.3800048828125,245.75999450683594,250.17999267578125,225.82789611816406,3125000
2020-08-27,252.24000549316406,256.9100036621094,250.41000366210938,252.80999755859375,228.20191955566406,3928300
2020-08-28,253.39999389648438,254.13999938964844,247.7899932861328,253.1199951171875,228.48171997070312,12838400
2020-08-31,252.92999267578125,256.04998779296875,250.10000610351562,253.32000732421875,228.66232299804688,4053900
2020-09-01,250.0500030517578,252.0399932861328,248.67999267578125,250.86000061035156,226.44174194335938,2869000
2020-09-02,251.22000122070312,258.79998779296875,251.22000122070312,258.1199951171875,232.9950408935547,2871600
2020-09-03,259.2900085449219,260.05999755859375,246.35000610351562,247.91000366210938,223.7788848876953,3137700
2020-09-04,251.3300018310547,252.27000427246094,244.5800018310547,248.39999389648438,224.22119140625,2910200
2020-09-08,246.22999572753906,246.99000549316406,239.52999877929688,241.17999267578125,217.7039337158203,3358600
2020-09-09,242.63999938964844,247.49000549316406,241.82000732421875,245.57000732421875,221.66664123535156,2244300
2020-09-10,244.55999755859375,246.13999938964844,238.89999389648438,240.63999938964844,217.21652221679688,2126400
2020-09-11,241.6999969482422,245.49000549316406,241.07000732421875,243.2100067138672,219.53639221191406,1899400
2020-09-14,244.83999633789062,247.83999633789062,244.25,246.75,222.73178100585938,2086500
2020-09-15,248.6999969482422,251.9199981689453,248.10000610351562,248.35000610351562,224.17604064941406,2243900
2020-09-16,251.35000610351562,251.35000610351562,247.0,247.75999450683594,223.64349365234375,2325300
2020-09-17,243.52999877929688,249.72000122070312,243.02000427246094,248.0800018310547,223.93231201171875,2801100
2020-09-18,248.69000244140625,249.83999633789062,242.35000610351562,247.72000122070312,223.60736083984375,6042400
2020-09-21,247.0399932861328,247.0399932861328,238.1999969482422,243.19000244140625,219.518310546875,2745300
2020-09-22,241.5500030517578,248.2899932861328,240.89999389648438,247.5,223.4087677001953,2172600
2020-09-23,247.3000030517578,249.22999572753906,241.47999572753906,242.58999633789062,218.97669982910156,2104300
2020-09-24,242.14999389648438,242.67999267578125,237.77999877929688,240.32000732421875,216.92764282226562,1827200
2020-09-25,239.50999450683594,244.17999267578125,237.80999755859375,243.82000732421875,220.0869903564453,2635700
2020-09-28,247.67999267578125,249.0399932861328,244.77000427246094,247.02999877929688,222.98452758789062,2213900
2020-09-29,247.5500030517578,249.0500030517578,245.47999572753906,248.3000030517578,224.1309051513672,2008000
2020-09-30,249.80999755859375,256.1199951171875,248.10000610351562,254.16000366210938,229.42051696777344,3526600
2020-10-01,255.07000732421875,258.510009765625,254.0500030517578,255.38999938964844,230.53077697753906,2428300
2020-10-02,252.39999389648438,254.66000366210938,244.00999450683594,245.41000366210938,221.52223205566406,2514100
2020-10-05,246.52000427246094,256.6499938964844,246.24000549316406,256.010009765625,231.09043884277344,2852300
2020-10-06,257.3999938964844,257.3999938964844,252.13999938964844,252.69000244140625,228.0935821533203,2431400
2020-10-07,253.9600067138672,258.3999938964844,253.10000610351562,257.6700134277344,232.58888244628906,1842800
2020-10-08,249.27000427246094,250.05999755859375,239.0,240.08999633789062,216.7200469970703,5592300
2020-10-09,238.5,239.5800018310547,234.02000427246094,236.6999969482422,213.66006469726562,4183000
2020-10-12,237.72999572753906,241.9199981689453,235.75999450683594,239.50999450683594,216.1964874267578,2881600
2020-10-13,239.1999969482422,241.8699951171875,238.8699951171875,239.33999633789062,216.04306030273438,2065600
2020-10-14,240.39999389648438,242.27000427246094,237.1999969482422,237.64999389648438,214.517578125,2693600
2020-10-15,236.0,236.99000549316406,232.8699951171875,235.00999450683594,212.13453674316406,2531000
2020-10-16,235.35000610351562,239.16000366210938,233.8000030517578,235.72000122070312,212.77545166015625,2059300
2020-10-19,236.2100067138672,237.44000244140625,230.00999450683594,230.7100067138672,208.25308227539062,2749800
2020-10-20,231.05999755859375,232.89999389648438,229.36000061035156,231.10000610351562,208.60511779785156,1950100
2020-10-21,229.4600067138672,231.11000061035156,227.5399932861328,228.97000122070312,206.6824493408203,1978700
2020-10-22,228.10000610351562,229.92999267578125,226.16000366210938,227.97999572753906,205.78880310058594,2172900
2020-10-23,228.72000122070312,230.07000732421875,226.3000030517578,227.16000366210938,205.0486297607422,2104200
2020-10-26,226.02000427246094,228.22999572753906,221.7899932861328,224.88999938964844,202.99961853027344,3087100
2020-10-27,225.05999755859375,225.9499969482422,223.13999938964844,223.4600067138672,201.70880126953125,1934400
2020-10-28,219.02000427246094,221.05999755859375,215.92999267578125,216.3800048828125,195.31796264648438,2874000
2020-10-29,213.6300048828125,220.3300018310547,210.27999877929688,217.82000732421875,196.61778259277344,2994100
2020-10-30,216.22000122070312,217.27000427246094,213.9600067138672,216.94000244140625,195.8234405517578,3262500
2020-11-02,221.55999755859375,222.3699951171875,217.1999969482422,220.2100067138672,198.77517700195312,2029000
2020-11-03,221.75999450683594,223.0800018310547,218.4600067138672,220.05999755859375,198.63975524902344,2533600
2020-11-04,226.2899932861328,235.97999572753906,225.10000610351562,230.3300018310547,207.91006469726562,3810000
2020-11-05,233.77000427246094,233.8300018310547,230.0,231.97000122070312,209.3904571533203,2070300
2020-11-06,232.66000366210938,233.2100067138672,230.0399932861328,231.6699981689453,209.11965942382812,2028500
2020-11-09,242.94000244140625,244.8000030517578,234.0,235.0,212.12551879882812,2996200
2020-11-10,244.0,245.83999633789062,239.47000122070312,241.60000610351562,218.0830841064453,3742800
2020-11-11,242.52000427246094,245.6699981689453,238.5,240.69000244140625,217.2616424560547,2244800
2020-11-12,240.5500030517578,240.88999938964844,235.63999938964844,237.13999938964844,214.0571746826172,2438200
2020-11-13,236.88999938964844,238.58999633789062,235.0,237.36000061035156,215.71121215820312,1767100
2020-11-16,237.4199981689453,239.82000732421875,235.25999450683594,236.66000366210938,215.07505798339844,2069200
2020-11-17,235.00999450683594,236.92999267578125,232.1199951171875,232.44000244140625,211.23997497558594,1935100
2020-11-18,234.0500030517578,234.3699951171875,227.63999938964844,227.75999450683594,206.98675537109375,2466200
2020-11-19,226.97000122070312,226.97000122070312,223.58999633789062,224.6699981689453,204.17861938476562,2595700
2020-11-20,223.22000122070312,225.08999633789062,221.47999572753906,223.1699981689453,202.81544494628906,2956200
2020-11-23,222.05999755859375,223.1699981689453,220.33999633789062,222.22000122070312,201.9520721435547,2032600
2020-11-24,222.4499969482422,223.0500030517578,219.82000732421875,220.4600067138672,200.3526153564453,3198300
2020-11-25,221.10000610351562,223.77000427246094,218.9199981689453,220.30999755859375,200.21629333496094,2550300
2020-11-27,221.41000366210938,226.2100067138672,221.38999938964844,224.80999755859375,204.3058624267578,1698300
2020-11-30,224.3300018310547,225.27999877929688,219.4499969482422,222.0399932861328,201.78851318359375,4857700
2020-12-01,224.8800048828125,225.77999877929688,222.72000122070312,225.0800018310547,204.5512237548828,3050600
2020-12-02,225.0800018310547,230.0800018310547,224.61000061035156,226.55999755859375,205.896240234375,2641200
2020-12-03,226.0,228.4499969482422,225.52000427246094,226.91000366210938,206.21432495117188,2167800
2020-12-04,225.75,230.3300018310547,225.75,229.2100067138672,208.30455017089844,2008800
2020-12-07,229.0,229.2100067138672,225.11000061035156,226.4499969482422,205.79627990722656,2250300
2020-12-08,229.00999450683594,229.10000610351562,226.35000610351562,228.94000244140625,208.05917358398438,2124500
2020-12-09,229.77999877929688,231.58999633789062,227.8800048828125,229.85000610351562,208.8861846923828,2210000
2020-12-10,229.6199951171875,230.0,227.52000427246094,228.16000366210938,207.3502960205078,1558100
2020-12-11,226.47000122070312,227.8000030517578,225.5,227.39999389648438,206.6596221923828,2019300
2020-12-14,229.47999572753906,232.19000244140625,227.5800018310547,229.4600067138672,208.5317840576172,2904700
2020-12-15,229.00999450683594,231.27999877929688,227.0,230.52999877929688,209.50411987304688,2566600
2020-12-16,229.99000549316406,231.27999877929688,228.11000061035156,228.44000244140625,207.60476684570312,2589100
2020-12-17,229.1199951171875,231.3800048828125,228.8300018310547,231.24000549316406,210.14939880371094,2510400
2020-12-18,232.0399932861328,232.0399932861328,227.25,228.49000549316406,207.6502227783203,5888900
2020-12-21,225.67999267578125,227.94000244140625,221.5800018310547,227.30999755859375,206.57785034179688,2311400
2020-12-22,225.72000122070312,226.47999572753906,220.0800018310547,220.99000549316406,200.83425903320312,3571600
2020-12-23,221.47999572753906,223.5800018310547,220.66000366210938,222.94000244140625,202.6063995361328,1763500
2020-12-24,223.24000549316406,224.5800018310547,222.2899932861328,222.92999267578125,202.5973358154297,955400
2020-12-28,223.02999877929688,226.89999389648438,223.02999877929688,223.64999389648438,203.25167846679688,1495100
2020-12-29,225.8800048828125,229.47000122070312,225.27000427246094,226.8699951171875,206.17794799804688,1564400
2020-12-30,227.97999572753906,229.02999877929688,226.5800018310547,227.1699981689453,206.45057678222656,1891400
2020-12-31,227.30999755859375,230.25,225.88999938964844,229.9199981689453,208.94979858398438,1821000
2021-01-04,231.25,231.25,223.6699981689453,226.66000366210938,205.98712158203125,3088200
2021-01-05,226.94000244140625,228.89999389648438,224.35000610351562,227.75999450683594,206.98675537109375,2494000
2021-01-06,225.0,233.52999877929688,225.0,233.25,211.97607421875,3754800
2021-01-07,231.86000061035156,235.3699951171875,231.47000122070312,234.02000427246094,212.6758575439453,2647800
2021-01-08,235.52999877929688,238.86000061035156,235.10000610351562,238.49000549316406,216.7381591796875,2511100
2021-01-11,240.0,240.35000610351562,234.42999267578125,237.57000732421875,215.90206909179688,2600500
2021-01-12,237.1199951171875,238.77999877929688,235.35000610351562,236.58999633789062,215.01144409179688,1771500
2021-01-13,235.99000549316406,238.5,235.22000122070312,237.74000549316406,216.05654907226562,1412300
2021-01-14,236.5,243.49000549316406,235.67999267578125,241.66000366210938,219.6190185546875,2594000
2021-01-15,241.17999267578125,246.83999633789062,240.02000427246094,245.49000549316406,223.09971618652344,2855200
2021-01-19,246.5,249.0,246.3800048828125,248.27000427246094,225.6261444091797,2172900
2021-01-20,247.4199981689453,253.35000610351562,246.1199951171875,252.36000061035156,229.3430938720703,2768200
2021-01-21,252.0,252.72999572753906,249.52000427246094,252.02999877929688,229.043212890625,2215900
2021-01-22,252.25999450683594,255.22999572753906,250.55999755859375,253.5,230.379150390625,1866600
2021-01-25,252.0500030517578,257.1099853515625,251.85000610351562,257.1000061035156,233.65077209472656,1830700
2021-01-26,256.5899963378906,259.07000732421875,254.86000061035156,258.6000061035156,235.0139923095703,2008900
2021-01-27,255.47000122070312,259.44000244140625,250.32000732421875,251.05999755859375,228.16168212890625,3237900
2021-01-28,252.47999572753906,276.69000244140625,243.4499969482422,247.75,225.15359497070312,5205600
2021-01-29,244.92999267578125,246.47000122070312,240.25,241.42999267578125,219.41000366210938,3792800
2021-02-01,244.3000030517578,245.47999572753906,239.5800018310547,240.42999267578125,218.50120544433594,2173500
2021-02-02,240.0,241.9499969482422,236.8000030517578,240.49000549316406,218.55572509765625,2444200
2021-02-03,231.55999755859375,239.8699951171875,231.38999938964844,237.0800018310547,215.45675659179688,4479200
2021-02-04,236.27999877929688,237.86000061035156,233.75,237.22000122070312,215.58395385742188,2819700
2021-02-05,238.30999755859375,238.8800048828125,235.3800048828125,236.32000732421875,214.76605224609375,2421800
2021-02-08,237.99000549316406,239.6300048828125,235.85000610351562,237.57000732421875,215.90206909179688,2258200
2021-02-09,237.27999877929688,237.6699981689453,234.7899932861328,236.64999389648438,215.06594848632812,1996500
2021-02-10,238.39999389648438,240.3000030517578,236.6999969482422,238.4600067138672,216.7108917236328,2964400
2021-02-11,238.63999938964844,239.1300048828125,233.99000549316406,235.0399932861328,215.1910400390625,1633900
2021-02-12,235.0399932861328,237.35000610351562,233.49000549316406,237.2100067138672,217.1778106689453,1460300
2021-02-16,236.00999450683594,237.69000244140625,232.52999877929688,232.83999633789062,213.17684936523438,2018100
2021-02-17,232.3300018310547,235.83999633789062,231.24000549316406,235.61000061035156,215.71292114257812,1575400
2021-02-18,235.42999267578125,235.42999267578125,232.3000030517578,232.52999877929688,212.89305114746094,1945300
2021-02-19,232.00999450683594,233.14999389648438,230.85000610351562,231.69000244140625,212.1239776611328,2471500
2021-02-22,230.3300018310547,233.8000030517578,230.1199951171875,231.47000122070312,211.92251586914062,2334800
2021-02-23,232.64999389648438,238.0,230.97000122070312,232.4600067138672,212.82894897460938,2919200
2021-02-24,229.8699951171875,230.7899932861328,227.7100067138672,229.99000549316406,210.56752014160156,2690500
2021-02-25,229.99000549316406,230.5,226.89999389648438,227.52000427246094,208.30609130859375,2769200
2021-02-26,230.30999755859375,230.30999755859375,223.6199951171875,224.9199981689453,205.9257049560547,3453500
2021-03-01,225.8800048828125,227.92999267578125,225.22999572753906,227.0399932861328,207.86666870117188,2178100
2021-03-02,227.0,227.88999938964844,225.27999877929688,225.69000244140625,206.63064575195312,2407500
2021-03-03,223.52000427246094,225.69000244140625,221.30999755859375,223.94000244140625,205.0284423828125,2610600
2021-03-04,227.82000732421875,227.8699951171875,220.25,221.91000366210938,203.16989135742188,3577000
2021-03-05,222.4499969482422,228.14999389648438,221.4499969482422,227.72999572753906,208.49835205078125,3021300
2021-03-08,228.0800018310547,232.1999969482422,226.6999969482422,227.80999755859375,208.57159423828125,3101000
2021-03-09,230.0,233.1199951171875,228.77999877929688,228.99000549316406,209.6519775390625,3057300
2021-03-10,231.4600067138672,233.49000549316406,229.02000427246094,229.9600067138672,210.54006958007812,2309800
2021-03-11,230.66000366210938,233.9600067138672,228.77999877929688,231.1699981689453,211.64785766601562,2244000
2021-03-12,230.24000549316406,230.75999450683594,228.69000244140625,230.36000061035156,210.90626525878906,1752600
2021-03-15,230.0,236.16000366210938,229.8000030517578,235.9600067138672,216.03338623046875,2911000
2021-03-16,238.1199951171875,242.02000427246094,236.6199951171875,240.32000732421875,220.025146484375,3386300
2021-03-17,240.30999755859375,245.89999389648438,239.22000122070312,244.27000427246094,223.64158630371094,3255500
2021-03-18,240.5,247.13999938964844,240.5,244.4199981689453,223.7789306640625,3063100
2021-03-19,245.74000549316406,247.39999389648438,241.6300048828125,245.94000244140625,225.17054748535156,12589900
2021-03-22,242.36000061035156,249.77000427246094,242.36000061035156,249.69000244140625,228.60389709472656,2059800
2021-03-23,249.99000549316406,250.0,244.89999389648438,245.0399932861328,224.34657287597656,2604700
2021-03-24,245.0,247.38999938964844,243.82000732421875,245.47000122070312,224.74026489257812,2237500
2021-03-25,247.0399932861328,247.5399932861328,244.97999572753906,246.25,225.4543914794922,2707600
2021-03-26,245.97000122070312,253.27999877929688,245.5399932861328,252.86000061035156,231.5061798095703,2638900
2021-03-29,251.52999877929688,256.6000061035156,251.4499969482422,254.9600067138672,233.42886352539062,2488100
2021-03-30,253.17999267578125,254.00999450683594,248.8300018310547,249.75,228.65884399414062,1979000
2021-03-31,249.22999572753906,249.9499969482422,247.36000061035156,248.80999755859375,227.79820251464844,3571900
2021-04-01,249.72999572753906,250.0,246.41000366210938,249.1699981689453,228.1278076171875,2176900
2021-04-05,249.05999755859375,252.6300048828125,249.05999755859375,252.02000427246094,230.7371368408203,2230500
2021-04-06,251.74000549316406,252.5399932861328,248.24000549316406,249.10000610351562,228.063720703125,2040100
2021-04-07,248.1699981689453,250.22000122070312,247.10000610351562,248.1199951171875,227.16644287109375,1583500
2021-04-08,249.10000610351562,249.47999572753906,245.97999572753906,246.8800048828125,226.0311737060547,1633600
2021-04-09,247.7100067138672,249.10000610351562,245.80999755859375,248.9499969482422,227.9263458251953,1368600
2021-04-12,248.52000427246094,250.0,247.7899932861328,248.94000244140625,227.91722106933594,1722000
2021-04-13,249.14999389648438,250.35000610351562,247.08999633789062,249.9499969482422,228.84193420410156,1766000
2021-04-14,249.97999572753906,251.5,249.0,249.6199951171875,228.53976440429688,1753800
2021-04-15,251.10000610351562,257.0,250.5,255.1300048828125,233.58448791503906,2366300
2021-04-16,256.44000244140625,258.82000732421875,254.6699981689453,255.7100067138672,234.11550903320312,2768700
2021-04-19,252.85000610351562,256.1099853515625,252.63999938964844,255.97000122070312,234.3535614013672,2345100
2021-04-20,254.83999633789062,260.3599853515625,254.83999633789062,259.1400146484375,237.25584411621094,1579300
2021-04-21,260.4100036621094,261.0,257.75,258.7799987792969,236.92623901367188,2173600
2021-04-22,257.5400085449219,258.4800109863281,253.66000366210938,255.0500030517578,233.51123046875,3370700
2021-04-23,254.97999572753906,258.1400146484375,253.6699981689453,257.0299987792969,235.32400512695312,2426900
2021-04-26,256.6499938964844,256.75,254.4199981689453,255.52000427246094,233.94154357910156,1782700
2021-04-27,255.19000244140625,256.5299987792969,253.75999450683594,255.1300048828125,233.58448791503906,2184900
2021-04-28,241.52000427246094,243.97000122070312,233.75999450683594,236.7100067138672,216.7200164794922,7550800
2021-04-29,235.07000732421875,236.0,231.02999877929688,234.7100067138672,214.88894653320312,4053400
2021-04-30,234.27000427246094,240.66000366210938,234.1999969482422,239.63999938964844,219.40260314941406,3420900
2021-05-03,240.6699981689453,247.02000427246094,240.5500030517578,245.3800048828125,224.65786743164062,3587700
2021-05-04,247.27000427246094,247.5800018310547,242.8699951171875,247.36000061035156,226.4706268310547,3555900
2021-05-05,246.2899932861328,249.97999572753906,245.91000366210938,249.35000610351562,228.29258728027344,2765100
2021-05-06,249.27999877929688,251.47999572753906,246.9600067138672,251.3000030517578,230.0779266357422,2790800
2021-05-07,251.77999877929688,255.72999572753906,251.77999877929688,254.2100067138672,232.74215698242188,2512700
2021-05-10,256.0,258.80999755859375,252.05999755859375,252.6199951171875,231.28646850585938,4079900
2021-05-11,253.16000366210938,255.9600067138672,251.6199951171875,252.3000030517578,230.99346923828125,2307100
2021-05-12,251.41000366210938,253.72000122070312,249.67999267578125,250.8300018310547,229.6475830078125,2431900
2021-05-13,250.1699981689453,254.08999633789062,249.7899932861328,252.07000732421875,230.78289794921875,3275300
2021-05-14,252.88999938964844,254.58999633789062,251.14999389648438,251.3800048828125,231.7694091796875,2286800
2021-05-17,252.2899932861328,254.66000366210938,250.63999938964844,252.3800048828125,232.69140625,1922200
2021-05-18,252.0800018310547,253.10000610351562,250.32000732421875,250.86000061035156,231.2899932861328,1729400
2021-05-19,248.38999938964844,249.08999633789062,246.75,248.6300048828125,229.2339630126953,2652500
2021-05-20,248.00999450683594,254.38999938964844,247.91000366210938,251.92999267578125,232.27651977539062,2227400
2021-05-21,253.7100067138672,254.05999755859375,250.74000549316406,251.00999450683594,231.4282684326172,2177900
2021-05-24,250.55999755859375,253.47999572753906,247.57000732421875,247.75,228.422607421875,2552000
2021-05-25,246.66000366210938,247.75,241.77999877929688,242.0,223.1211700439453,3210600
2021-05-26,241.83999633789062,242.47999572753906,238.3300018310547,238.5500030517578,219.9403076171875,3812100
2021-05-27,238.91000366210938,239.4600067138672,234.5800018310547,235.30999755859375,216.9530487060547,3701100
2021-05-28,236.2100067138672,240.8699951171875,236.1300048828125,237.94000244140625,219.37789916992188,3239300
2021-06-01,242.1999969482422,242.27999877929688,232.94000244140625,233.5800018310547,215.3580322265625,3799600
2021-06-02,234.89999389648438,236.69000244140625,233.88999938964844,235.16000366210938,216.81478881835938,2266800
2021-06-03,233.6699981689453,236.5800018310547,233.36000061035156,235.74000549316406,217.34954833984375,2010600
2021-06-04,236.74000549316406,239.27999877929688,235.75,236.85000610351562,218.37294006347656,1875700
2021-06-07,236.9199981689453,240.57000732421875,235.1999969482422,237.19000244140625,218.6864013671875,2153800
2021-06-08,238.92999267578125,239.1199951171875,235.25,236.82000732421875,218.34527587890625,1638000
2021-06-09,237.9199981689453,241.30999755859375,236.72999572753906,239.52000427246094,220.83465576171875,3047700
2021-06-10,239.57000732421875,245.3300018310547,239.22000122070312,244.63999938964844,225.5552215576172,2655900
2021-06-11,244.8800048828125,245.5,241.97999572753906,242.77000427246094,223.83111572265625,2002300
2021-06-14,242.55999755859375,242.72000122070312,239.2899932861328,241.19000244140625,222.37435913085938,2083200
2021-06-15,241.74000549316406,241.97999572753906,239.0500030517578,239.85000610351562,221.138916015625,2508800
2021-06-16,240.8699951171875,244.50999450683594,238.0,239.5800018310547,220.8899688720703,3185600
2021-06-17,239.5399932861328,242.42999267578125,238.33999633789062,240.75999450683594,221.9779052734375,2142800
2021-06-18,239.5800018310547,241.0,236.47000122070312,238.67999267578125,220.0601806640625,5560400
2021-06-21,239.63999938964844,240.91000366210938,237.64999389648438,240.24000549316406,221.49847412109375,2149000
2021-06-22,239.7100067138672,240.75,238.2899932861328,239.91000366210938,221.19424438476562,1780400
2021-06-23,239.64999389648438,239.75,236.92999267578125,238.7100067138672,220.08787536621094,1654300
2021-06-24,240.41000366210938,243.02999877929688,239.2899932861328,240.9499969482422,222.153076171875,1943000
2021-06-25,241.63999938964844,243.64999389648438,240.11000061035156,242.67999267578125,223.7481231689453,4309900
2021-06-28,244.02999877929688,245.50999450683594,242.66000366210938,242.83999633789062,223.8956298828125,1680700
2021-06-29,243.22000122070312,243.94000244140625,242.05999755859375,242.4600067138672,223.54531860351562,1337200
2021-06-30,242.72000122070312,244.27000427246094,242.05999755859375,243.75,224.73464965820312,2325100
2021-07-01,243.74000549316406,247.10000610351562,243.5500030517578,246.89999389648438,227.638916015625,2091600
2021-07-02,247.3300018310547,249.89999389648438,246.25,248.6999969482422,229.29849243164062,1943600
2021-07-06,247.25999450683594,248.1199951171875,243.1699981689453,243.64999389648438,224.64244079589844,2792300
2021-07-07,244.07000732421875,244.27999877929688,241.33999633789062,243.22000122070312,224.24598693847656,2381700
2021-07-08,244.24000549316406,246.6999969482422,242.4499969482422,244.27999877929688,225.2233123779297,1994300
2021-07-09,243.08999633789062,245.92999267578125,241.7100067138672,245.1999969482422,226.07151794433594,1609900
2021-07-12,244.49000549316406,247.89999389648438,243.5399932861328,244.3699951171875,225.30625915527344,2149400
2021-07-13,245.38999938964844,246.75,242.97999572753906,244.8300018310547,225.73040771484375,1618200
2021-07-14,244.22000122070312,245.3300018310547,241.49000549316406,244.6999969482422,225.6105194091797,2185200
2021-07-15,244.3300018310547,247.57000732421875,242.13999938964844,246.6300048828125,227.38998413085938,2106700
2021-07-16,248.0800018310547,249.52999877929688,246.5399932861328,247.9600067138672,228.61622619628906,3141400
2021-07-19,247.8000030517578,249.9499969482422,244.85000610351562,246.72999572753906,227.48216247558594,2529900
2021-07-20,247.27000427246094,250.38999938964844,245.7100067138672,246.88999938964844,227.62969970703125,3035200
2021-07-21,246.91000366210938,246.9600067138672,242.69000244140625,244.85000610351562,225.7488555908203,1901900
2021-07-22,243.97999572753906,246.22000122070312,243.1300048828125,244.74000549316406,225.64743041992188,1379800
2021-07-23,246.27000427246094,248.55999755859375,244.8699951171875,247.72000122070312,228.3949432373047,1747300
2021-07-26,247.72000122070312,248.38999938964844,244.80999755859375,245.0800018310547,225.96087646484375,1518500
2021-07-27,244.1199951171875,245.61000061035156,243.3800048828125,244.67999267578125,225.5920867919922,2166400
2021-07-28,244.5500030517578,247.6999969482422,243.52000427246094,244.25,225.19564819335938,1649100
2021-07-29,244.4600067138672,245.16000366210938,242.2100067138672,242.4600067138672,223.54531860351562,1498900
2021-07-30,242.6199951171875,243.10000610351562,240.6300048828125,241.5399932861328,222.6970672607422,2284100
2021-08-02,242.1199951171875,242.47999572753906,238.3699951171875,239.7899932861328,221.08358764648438,1849400
2021-08-03,240.75999450683594,244.38999938964844,239.41000366210938,244.0800018310547,225.0388946533203,2320400
2021-08-04,238.3699951171875,239.4199981689453,227.10000610351562,228.30999755859375,210.4991455078125,6952800
2021-08-05,228.75,234.0399932861328,228.05999755859375,233.99000549316406,215.73605346679688,3294100
2021-08-06,231.85000610351562,233.25,228.77000427246094,230.14999389648438,212.19561767578125,2363800
2021-08-09,230.52000427246094,231.39999389648438,227.22000122070312,227.88999938964844,210.11190795898438,2250300
2021-08-10,228.1999969482422,228.1999969482422,223.94000244140625,227.9600067138672,210.17645263671875,2860200
2021-08-11,229.13999938964844,230.0,227.49000549316406,228.1300048828125,210.33319091796875,2104900
2021-08-12,228.1999969482422,229.47999572753906,225.80999755859375,228.14999389648438,210.3516387939453,1798600
2021-08-13,229.11000061035156,231.88999938964844,228.75999450683594,229.67999267578125,211.76226806640625,1797300
2021-08-16,228.25999450683594,231.2899932861328,227.9199981689453,231.07000732421875,214.68896484375,2434500
2021-08-17,229.66000366210938,231.27999877929688,229.52000427246094,231.1999969482422,214.8097686767578,2666500
2021-08-18,230.52000427246094,231.3300018310547,226.60000610351562,226.83999633789062,210.7588348388672,2988100
2021-08-19,225.69000244140625,227.6999969482422,223.3000030517578,224.38999938964844,208.4825439453125,2669000
2021-08-20,224.38999938964844,226.24000549316406,222.00999450683594,223.52999877929688,207.68348693847656,2811600
2021-08-23,224.17999267578125,227.44000244140625,223.77000427246094,225.63999938964844,209.6439208984375,1932600
2021-08-24,225.52000427246094,225.67999267578125,223.55999755859375,224.3800048828125,208.4732666015625,1790400
2021-08-25,224.30999755859375,224.8300018310547,221.17999267578125,221.58999633789062,205.8810272216797,2173200
2021-08-26,222.05999755859375,222.05999755859375,220.16000366210938,221.47000122070312,205.76951599121094,2844500
2021-08-27,222.22000122070312,225.36000061035156,220.22000122070312,222.77999877929688,206.98663330078125,2660900
2021-08-30,222.27999877929688,225.30999755859375,222.10000610351562,224.1300048828125,208.240966796875,1881800
2021-08-31,224.94000244140625,225.64999389648438,223.33999633789062,225.52999877929688,209.5417022705078,2904700
2021-09-01,225.5500030517578,226.1199951171875,221.8800048828125,223.35000610351562,207.51625061035156,2699000
2021-09-02,223.63999938964844,226.02999877929688,223.42999267578125,225.9600067138672,209.94122314453125,1817800
2021-09-03,225.75999450683594,227.19000244140625,224.1999969482422,226.3699951171875,210.3221435546875,1664100
2021-09-07,223.0,224.94000244140625,219.52000427246094,221.33999633789062,205.64874267578125,3281800
2021-09-08,221.3300018310547,222.2899932861328,220.10000610351562,220.8699951171875,205.21205139160156,2140400
2021-09-09,220.5,220.64999389648438,215.41000366210938,215.5800018310547,200.2970733642578,3273600
2021-09-10,216.5,216.99000549316406,213.5500030517578,213.75,198.5968017578125,2217800
2021-09-13,217.05999755859375,219.0500030517578,215.07000732421875,216.72000122070312,201.35629272460938,2553400
2021-09-14,217.60000610351562,217.9199981689453,215.1199951171875,216.0399932861328,200.7244873046875,1999300
2021-09-15,216.77000427246094,219.9199981689453,215.86000061035156,218.1300048828125,202.66632080078125,2555600
2021-09-16,218.02000427246094,218.64999389648438,214.0,217.36000061035156,201.95091247558594,2695600
2021-09-17,217.22999572753906,219.8800048828125,215.8699951171875,219.3800048828125,203.82769775390625,5659900
2021-09-20,218.3800048828125,219.85000610351562,214.27999877929688,215.11000061035156,199.8603973388672,3293000
2021-09-21,215.7100067138672,218.10000610351562,214.36000061035156,215.36000061035156,200.09266662597656,2112100
2021-09-22,216.55999755859375,216.55999755859375,213.4600067138672,213.63999938964844,198.49461364746094,2542800
2021-09-23,212.50999450683594,215.55999755859375,212.3000030517578,215.0500030517578,199.80465698242188,2181500
2021-09-24,214.75,215.52999877929688,213.1999969482422,213.61000061035156,198.46673583984375,1908600
2021-09-27,213.25,214.9499969482422,212.6999969482422,213.11000061035156,198.00218200683594,1943000
2021-09-28,212.3000030517578,214.75999450683594,211.64999389648438,212.27000427246094,197.22174072265625,2919000
2021-09-29,212.5,216.8000030517578,211.85000610351562,214.89999389648438,199.665283203125,1900800
2021-09-30,215.7899932861328,216.6699981689453,212.52000427246094,212.64999389648438,197.57479858398438,2491900
2021-10-01,213.58999633789062,214.61000061035156,210.8000030517578,213.9199981689453,198.75477600097656,2629400
2021-10-04,214.10000610351562,215.63999938964844,210.77000427246094,211.44000244140625,196.4506072998047,2856300
2021-10-05,211.2100067138672,213.99000549316406,211.0800018310547,211.86000061035156,196.8408203125,2481900
2021-10-06,211.32000732421875,212.0800018310547,208.97000122070312,209.97999572753906,195.09405517578125,2928200
2021-10-07,208.52999877929688,212.4499969482422,208.52999877929688,209.1199951171875,194.2950439453125,3331700
2021-10-08,210.1300048828125,210.17999267578125,207.64999389648438,208.9499969482422,194.1370849609375,2349800
2021-10-11,209.05999755859375,209.88999938964844,206.58999633789062,206.6999969482422,192.0465850830078,1982200
2021-10-12,207.42999267578125,207.55999755859375,200.47000122070312,201.88999938964844,187.5775909423828,3544000
2021-10-13,202.82000732421875,204.88999938964844,202.10000610351562,203.61000061035156,189.1756591796875,3303300
2021-10-14,204.49000549316406,207.5,204.49000549316406,206.77999877929688,192.12095642089844,3015100
2021-10-15,208.49000549316406,209.02000427246094,206.22999572753906,207.83999633789062,193.1057891845703,3684600
2021-10-18,206.36000061035156,207.0,202.4499969482422,203.1300048828125,188.7296905517578,2812500
2021-10-19,204.49000549316406,206.89999389648438,203.0800018310547,206.77999877929688,192.12095642089844,2480500
2021-10-20,207.39999389648438,211.58999633789062,206.25,209.66000366210938,194.7967529296875,2308600
2021-10-21,210.14999389648438,210.25999450683594,207.6699981689453,208.99000549316406,194.1742706298828,1921100
2021-10-22,209.6999969482422,210.5,208.5,209.24000549316406,194.40655517578125,1349300
2021-10-25,209.5,209.82000732421875,206.97000122070312,207.6300048828125,192.91067504882812,1916500
2021-10-26,208.1999969482422,209.97999572753906,207.6300048828125,208.67999267578125,193.88624572753906,1664400
2021-10-27,209.8699951171875,210.39999389648438,205.80999755859375,206.5800018310547,191.93511962890625,2003300
2021-10-28,207.08999633789062,209.49000549316406,205.61000061035156,207.1699981689453,192.48329162597656,2166500
2021-10-29,206.35000610351562,207.6999969482422,204.1999969482422,206.97000122070312,192.29747009277344,2592300
2021-11-01,208.0,212.08999633789062,207.77000427246094,209.7899932861328,194.91754150390625,3105300
2021-11-02,210.50999450683594,214.72000122070312,208.13999938964844,214.25999450683594,199.07066345214844,3329300
2021-11-03,210.91000366210938,219.25,209.8000030517578,218.1300048828125,202.66632080078125,3775600
2021-11-04,218.3000030517578,218.4499969482422,211.72000122070312,214.92999267578125,199.69314575195312,2781300
2021-11-05,215.61000061035156,217.4199981689453,212.72999572753906,213.77000427246094,198.6154022216797,2300100
2021-11-08,214.05999755859375,214.44000244140625,210.92999267578125,211.3699951171875,196.38555908203125,2532900
2021-11-09,211.02000427246094,213.6999969482422,210.47000122070312,211.7100067138672,196.7014617919922,2296300
2021-11-10,213.27999877929688,215.5,212.52999877929688,213.2100067138672,198.0950927734375,2360400
2021-11-11,214.0800018310547,214.0800018310547,210.55999755859375,211.55999755859375,196.56204223632812,2615700
2021-11-12,212.3000030517578,212.8800048828125,210.3800048828125,211.38999938964844,196.4041290283203,4614100
2021-11-15,210.69000244140625,210.88999938964844,207.0800018310547,207.39999389648438,194.3148193359375,3129200
2021-11-16,208.02999877929688,209.0399932861328,205.27000427246094,205.38999938964844,192.43161010742188,2942500
2021-11-17,205.2100067138672,207.35000610351562,203.60000610351562,205.82000732421875,192.83450317382812,3329300
2021-11-18,205.6300048828125,206.22999572753906,203.72999572753906,204.02000427246094,191.1480712890625,4261500
2021-11-19,205.27000427246094,206.1999969482422,203.6699981689453,206.0800018310547,193.07806396484375,3217100
2021-11-22,205.4499969482422,206.3000030517578,200.75,202.72999572753906,189.939453125,2835100
2021-11-23,202.22999572753906,205.47999572753906,201.27000427246094,204.52999877929688,191.62586975097656,2149300
2021-11-24,204.3000030517578,205.27999877929688,202.9499969482422,203.97000122070312,191.10121154785156,1699800
2021-11-26,204.74000549316406,206.0,200.52000427246094,201.08999633789062,188.4029083251953,3197900
2021-11-29,202.47999572753906,204.8300018310547,201.58999633789062,203.47000122070312,190.63278198242188,2519900
2021-11-30,202.72999572753906,203.8699951171875,198.72999572753906,198.8800048828125,186.33236694335938,5400100
2021-12-01,200.44000244140625,205.63999938964844,198.63999938964844,200.8000030517578,188.1312255859375,3057700
2021-12-02,200.72999572753906,203.10000610351562,199.30999755859375,201.1699981689453,188.47789001464844,2858200
2021-12-03,201.3800048828125,203.8000030517578,200.83999633789062,202.44000244140625,189.66770935058594,3591900
2021-12-06,206.3800048828125,211.7899932861328,205.97000122070312,208.7899932861328,195.61708068847656,3998600
2021-12-07,209.14999389648438,212.44000244140625,207.36000061035156,211.32000732421875,197.9875030517578,3309500
2021-12-08,212.88999938964844,213.91000366210938,210.42999267578125,213.52999877929688,200.0580596923828,2624400
2021-12-09,213.52999877929688,213.97999572753906,209.5,212.57000732421875,199.15863037109375,2699800
2021-12-10,213.3000030517578,214.4499969482422,210.00999450683594,210.88999938964844,197.58462524414062,2812200
2021-12-13,210.42999267578125,213.19000244140625,209.0,211.38999938964844,198.0531005859375,2721300
2021-12-14,211.32000732421875,214.80999755859375,210.22999572753906,213.74000549316406,200.2548065185547,2602600
2021-12-15,214.0,219.5,213.1199951171875,219.25,205.41717529296875,3924500
2021-12-16,220.0,231.0399932861328,220.0,222.5800018310547,208.53709411621094,6027200
2021-12-17,222.69000244140625,224.16000366210938,219.32000732421875,222.5,208.4621124267578,6424000
2021-12-20,222.25,222.49000549316406,218.69000244140625,219.99000549316406,206.1105194091797,2922200
2021-12-21,220.5500030517578,223.25,219.9600067138672,220.9199981689453,206.98182678222656,2987500
2021-12-22,220.0,221.89999389648438,217.75999450683594,221.52999877929688,207.55331420898438,2677700
2021-12-23,222.3699951171875,224.47999572753906,221.5,223.7899932861328,209.6707305908203,1668800
2021-12-27,223.80999755859375,225.4600067138672,222.6699981689453,225.1699981689453,210.9636688232422,1763200
2021-12-28,225.1699981689453,226.97999572753906,225.0500030517578,225.77000427246094,211.5258331298828,1304500
2021-12-29,225.5800018310547,228.2100067138672,224.99000549316406,227.60000610351562,213.24037170410156,1389400
2021-12-30,227.60000610351562,229.5500030517578,226.13999938964844,226.47000122070312,212.181640625,1507400
2021-12-31,226.25999450683594,227.74000549316406,224.8000030517578,224.97000122070312,210.77630615234375,1668400
2022-01-03,223.6300048828125,226.97000122070312,222.02999877929688,226.69000244140625,212.3877716064453,2742800
2022-01-04,225.75999450683594,228.8000030517578,224.25,227.83999633789062,213.4652099609375,2491700
2022-01-05,227.0399932861328,229.8699951171875,224.52000427246094,225.13999938964844,210.93556213378906,2806000
2022-01-06,225.13999938964844,226.66000366210938,223.69000244140625,225.1699981689453,210.9636688232422,2198300
2022-01-07,223.5399932861328,228.19000244140625,223.5399932861328,227.2899932861328,212.94992065429688,2343000
2022-01-10,229.25,230.63999938964844,226.0,230.3699951171875,215.83560180664062,3191900
2022-01-11,230.47000122070312,232.50999450683594,228.11000061035156,232.3800048828125,217.7187957763672,2317900
2022-01-12,232.3800048828125,232.61000061035156,228.52000427246094,231.75999450683594,217.13790893554688,1885800
2022-01-13,232.0500030517578,233.22999572753906,230.3300018310547,230.85000610351562,216.2853240966797,2152900
2022-01-14,230.69000244140625,235.8000030517578,229.99000549316406,235.36000061035156,220.5107879638672,3012000
2022-01-18,233.52000427246094,234.77000427246094,231.6999969482422,233.8300018310547,219.0773162841797,3720400
2022-01-19,233.8000030517578,234.3300018310547,230.6999969482422,231.3000030517578,216.70692443847656,2061200
2022-01-20,233.72999572753906,233.72999572753906,228.80999755859375,228.89999389648438,214.45835876464844,2093700
2022-01-21,230.60000610351562,231.4600067138672,227.30999755859375,227.72000122070312,213.35279846191406,3534800
2022-01-24,227.47999572753906,229.13999938964844,219.97999572753906,226.0800018310547,211.8162841796875,4419100
2022-01-25,223.67999267578125,227.5,222.27000427246094,225.0399932861328,210.8418731689453,2769900
2022-01-26,221.6199951171875,226.92999267578125,221.1199951171875,222.5399932861328,208.4995880126953,2861600
2022-01-27,222.39999389648438,228.0399932861328,222.30999755859375,224.0,209.86749267578125,2744000
2022-01-28,224.0500030517578,229.14999389648438,222.25,229.13999938964844,214.68321228027344,2502100
2022-01-31,226.97999572753906,227.94000244140625,225.52000427246094,227.13999938964844,212.80938720703125,4504300
2022-02-01,227.13999938964844,229.1999969482422,225.52000427246094,228.67999267578125,214.252197265625,2498200
2022-02-02,228.13999938964844,229.13999938964844,225.74000549316406,228.92999267578125,214.4864501953125,2397800
2022-02-03,228.66000366210938,229.0,223.75,224.0399932861328,209.9049530029297,3002400
2022-02-04,222.1199951171875,224.75999450683594,220.97000122070312,222.11000061035156,208.0967254638672,3162000
2022-02-07,222.08999633789062,224.75999450683594,220.6300048828125,223.52999877929688,209.42715454101562,3596400
2022-02-08,232.94000244140625,244.7100067138672,232.2100067138672,241.00999450683594,225.8042755126953,8394800
2022-02-09,241.0399932861328,241.0399932861328,235.32000732421875,237.19000244140625,222.22531127929688,5075200
2022-02-10,235.0,236.13999938964844,227.7100067138672,228.82000732421875,214.3834228515625,5035000
2022-02-11,228.52000427246094,231.47000122070312,228.14999389648438,228.1999969482422,213.802490234375,3557700
2022-02-14,226.61000061035156,226.92999267578125,220.86000061035156,224.27000427246094,211.92205810546875,3931500
2022-02-15,225.0,226.16000366210938,221.22000122070312,223.94000244140625,211.6102294921875,2474500
2022-02-16,223.47000122070312,225.10000610351562,221.0399932861328,222.66000366210938,210.4007110595703,2369000
2022-02-17,221.47999572753906,223.2899932861328,219.42999267578125,221.67999267578125,209.47467041015625,2157000
2022-02-18,220.97000122070312,223.97999572753906,219.7899932861328,220.77000427246094,208.61477661132812,2795800
2022-02-22,220.75999450683594,222.89999389648438,219.3000030517578,221.41000366210938,209.21954345703125,2835900
2022-02-23,222.67999267578125,223.75,220.6199951171875,221.0,208.8321075439453,2994800
2022-02-24,218.92999267578125,219.89999389648438,214.38999938964844,219.27000427246094,207.19740295410156,3746700
2022-02-25,222.49000549316406,228.13999938964844,221.9600067138672,227.02999877929688,214.53009033203125,3557100
2022-02-28,224.02999877929688,226.75,222.52999877929688,226.47999572753906,214.0103759765625,4738100
2022-03-01,225.27999877929688,227.7899932861328,223.74000549316406,225.2100067138672,212.81031799316406,4573500
2022-03-02,225.0399932861328,230.39999389648438,224.64999389648438,228.58999633789062,216.00418090820312,3387200
2022-03-03,230.8800048828125,234.27000427246094,230.00999450683594,232.63999938964844,219.83123779296875,3638400
2022-03-04,230.6999969482422,235.74000549316406,230.13999938964844,232.91000366210938,220.08636474609375,3764400
2022-03-07,231.2899932861328,239.66000366210938,231.22999572753906,234.36000061035156,221.45651245117188,3713200
2022-03-08,233.86000061035156,236.8800048828125,230.55999755859375,231.10000610351562,218.37603759765625,2974900
2022-03-09,234.22999572753906,234.52999877929688,230.42999267578125,231.4600067138672,218.71620178222656,2640900
2022-03-10,229.66000366210938,230.4199981689453,226.0800018310547,226.9499969482422,214.4545135498047,3957200
2022-03-11,228.11000061035156,230.02999877929688,226.77000427246094,228.85000610351562,216.2499237060547,2667000
2022-03-14,231.0800018310547,232.4499969482422,228.9199981689453,229.2100067138672,216.590087890625,2902700
2022-03-15,231.3800048828125,233.05999755859375,228.11000061035156,231.55999755859375,218.81069946289062,3178200
2022-03-16,232.52000427246094,232.52000427246094,228.4499969482422,231.6699981689453,218.91464233398438,4220300
2022-03-17,231.72000122070312,236.57000732421875,231.22000122070312,235.86000061035156,222.87393188476562,3262300
2022-03-18,234.91000366210938,236.39999389648438,232.75,236.25,223.2424774169922,7617100
2022-03-21,237.07000732421875,240.32000732421875,234.72999572753906,236.32000732421875,223.30860900878906,2385200
2022-03-22,236.32000732421875,237.52000427246094,234.5399932861328,236.47000122070312,223.45034790039062,2212200
2022-03-23,237.2899932861328,239.3800048828125,234.0399932861328,234.17999267578125,221.28643798828125,2533100
2022-03-24,235.8000030517578,237.85000610351562,234.0,236.8699951171875,223.82830810546875,2349000
2022-03-25,236.8699951171875,239.49000549316406,236.2100067138672,238.7899932861328,225.64259338378906,1424500
2022-03-28,238.82000732421875,240.57000732421875,237.97999572753906,240.47000122070312,227.23013305664062,2045300
2022-03-29,241.66000366210938,242.61000061035156,238.61000061035156,241.5399932861328,228.2412109375,2230600
2022-03-30,243.57000732421875,244.72999572753906,242.02000427246094,242.57000732421875,229.21450805664062,2593300
2022-03-31,244.17999267578125,245.47999572753906,241.67999267578125,241.82000732421875,228.50579833984375,3102800
2022-04-01,243.02999877929688,243.9499969482422,240.72999572753906,243.1199951171875,229.7342071533203,1883900
2022-04-04,242.83999633789062,246.4499969482422,242.64999389648438,244.8699951171875,231.3878936767578,3518800
2022-04-05,243.74000549316406,248.75,243.74000549316406,244.55999755859375,231.0949249267578,2180800
2022-04-06,244.85000610351562,251.4600067138672,244.85000610351562,249.92999267578125,236.16928100585938,3869000
2022-04-07,249.1999969482422,252.72999572753906,249.02000427246094,251.63999938964844,237.78512573242188,2674400
2022-04-08,251.52999877929688,253.88999938964844,250.5399932861328,252.02000427246094,238.14419555664062,2745800
2022-04-11,253.60000610351562,258.45001220703125,250.14999389648438,250.8699951171875,237.0574951171875,2975200
2022-04-12,250.97000122070312,252.5500030517578,246.77000427246094,250.0399932861328,236.27320861816406,2261100
2022-04-13,251.13999938964844,253.97000122070312,249.77000427246094,253.50999450683594,239.55215454101562,2402800
2022-04-14,254.39999389648438,257.57000732421875,253.64999389648438,254.02000427246094,240.0341033935547,2861800
2022-04-18,252.49000549316406,255.38999938964844,251.14999389648438,251.92999267578125,238.05914306640625,3615500
2022-04-19,252.49000549316406,255.72999572753906,250.35000610351562,253.3699951171875,239.4198455810547,2355100
2022-04-20,254.07000732421875,256.8999938964844,253.5,255.3800048828125,241.3192138671875,1888100
2022-04-21,256.4100036621094,258.3900146484375,254.9499969482422,255.4600067138672,241.39480590820312,2117300
2022-04-22,254.10000610351562,255.89999389648438,250.05999755859375,250.35000610351562,236.566162109375,2617800
2022-04-25,251.00999450683594,252.64999389648438,247.91000366210938,252.1699981689453,238.28594970703125,2271000
2022-04-26,250.3000030517578,253.0,249.72000122070312,249.8699951171875,236.11256408691406,3306000
2022-04-27,249.0399932861328,252.02000427246094,246.44000244140625,248.7899932861328,235.09205627441406,2973500
2022-04-28,235.72999572753906,242.91000366210938,231.14999389648438,238.1300048828125,225.01898193359375,6609500
2022-04-29,236.5,240.47999572753906,232.74000549316406,233.19000244140625,220.35093688964844,4029300
2022-05-02,233.3699951171875,234.0500030517578,227.32000732421875,230.9199981689453,218.20594787597656,4154800
2022-05-03,233.75,234.19000244140625,229.60000610351562,232.19000244140625,219.406005859375,2443800
2022-05-04,232.57000732421875,237.11000061035156,231.39999389648438,236.10000610351562,223.10073852539062,2494900
2022-05-05,235.5,238.83999633789062,232.24000549316406,234.35000610351562,221.44711303710938,3357100
2022-05-06,231.75999450683594,237.4600067138672,231.75,236.5,223.47869873046875,4682100
2022-05-09,236.5800018310547,242.77999877929688,234.5399932861328,239.24000549316406,226.06785583496094,4376300
2022-05-10,242.2100067138672,244.41000366210938,240.47000122070312,240.7100067138672,227.45692443847656,4234800
2022-05-11,240.36000061035156,243.3800048828125,239.2100067138672,240.63999938964844,227.39076232910156,3411700
2022-05-12,240.05999755859375,244.83999633789062,239.0500030517578,244.72000122070312,231.24612426757812,3733300
2022-05-13,244.63999938964844,245.0,241.2899932861328,243.39999389648438,229.99880981445312,2631900
2022-05-16,241.24000549316406,245.11000061035156,241.16000366210938,243.8699951171875,232.2943878173828,2414500
2022-05-17,245.13999938964844,246.22000122070312,239.25999450683594,245.35000610351562,233.70416259765625,2344100
2022-05-18,246.49000549316406,247.2899932861328,243.0,243.9600067138672,232.380126953125,3376800
2022-05-19,242.35000610351562,245.86000061035156,241.86000061035156,244.77000427246094,233.15167236328125,2414200
2022-05-20,244.05999755859375,247.66000366210938,242.9600067138672,247.5,235.75210571289062,3860500
2022-05-23,249.67999267578125,251.0500030517578,247.8800048828125,249.0399932861328,237.21897888183594,2272600
2022-05-24,248.6699981689453,252.39999389648438,248.3300018310547,251.88999938964844,239.93370056152344,2667300
2022-05-25,253.0,254.80999755859375,250.02999877929688,253.00999450683594,241.0005645751953,3538400
2022-05-26,253.38999938964844,255.61000061035156,252.0800018310547,253.0500030517578,241.03866577148438,2222300
2022-05-27,253.5,256.2300109863281,250.9199981689453,255.25999450683594,243.1437530517578,2678900
2022-05-31,255.0,257.260009765625,251.00999450683594,256.739990234375,244.55349731445312,6737500
2022-06-01,257.8800048828125,257.9700012207031,251.35000610351562,253.4199981689453,241.39108276367188,2664600
2022-06-02,252.6199951171875,252.72999572753906,243.85000610351562,248.27999877929688,236.49508666992188,3916200
2022-06-03,248.3000030517578,250.69000244140625,247.72000122070312,248.4499969482422,236.65701293945312,2086500
2022-06-06,248.3300018310547,248.8300018310547,243.61000061035156,245.44000244140625,233.78988647460938,2413700
2022-06-07,244.64999389648438,246.8000030517578,243.3699951171875,246.41000366210938,234.7138671875,2693800
2022-06-08,246.66000366210938,246.8800048828125,243.5800018310547,245.47999572753906,233.82798767089844,2353900
2022-06-09,244.72000122070312,246.72000122070312,241.44000244140625,241.75,230.2750244140625,2695200
2022-06-10,240.02000427246094,242.0800018310547,237.39999389648438,240.00999450683594,228.6176300048828,2910900
2022-06-13,237.94000244140625,239.0500030517578,235.99000549316406,236.77000427246094,225.5314483642578,4462300
2022-06-14,236.97000122070312,238.6999969482422,233.44000244140625,235.6999969482422,224.51219177246094,3020800
2022-06-15,236.52999877929688,237.25999450683594,231.97999572753906,235.5800018310547,224.3979034423828,3076700
2022-06-16,233.60000610351562,234.5399932861328,229.58999633789062,230.7100067138672,219.75906372070312,4102700
2022-06-17,230.1300048828125,238.25,229.49000549316406,234.72000122070312,223.57872009277344,13114500
2022-06-21,236.83999633789062,238.86000061035156,233.92999267578125,238.41000366210938,227.09356689453125,3882200
2022-06-22,237.1699981689453,242.33999633789062,236.89999389648438,240.13999938964844,228.741455078125,4172900
2022-06-23,241.72000122070312,244.02000427246094,240.91000366210938,243.08999633789062,231.55142211914062,3229600
2022-06-24,244.0,246.0,242.8800048828125,245.3699951171875,233.72320556640625,4527700
2022-06-27,245.1699981689453,246.2899932861328,244.02999877929688,244.85000610351562,233.22789001464844,2767500
2022-06-28,245.92999267578125,247.5800018310547,243.38999938964844,243.50999450683594,231.95147705078125,2430100
2022-06-29,246.25999450683594,247.10000610351562,243.72000122070312,245.42999267578125,233.78036499023438,2610400
2022-06-30,244.1699981689453,245.0,240.72999572753906,243.3000030517578,231.75146484375,3033800
2022-07-01,243.25,246.0,240.72000122070312,245.5500030517578,233.8946533203125,2745500
2022-07-05,245.19000244140625,246.74000549316406,242.32000732421875,246.72999572753906,235.0186309814453,2483600
2022-07-06,246.6199951171875,248.0800018310547,244.5399932861328,245.25,233.60888671875,4320500
2022-07-07,244.5,248.02999877929688,244.2899932861328,247.4199981689453,235.67588806152344,3068200
2022-07-08,248.14999389648438,250.24000549316406,247.1999969482422,248.47999572753906,236.68557739257812,2215400
2022-07-11,249.27999877929688,250.11000061035156,246.99000549316406,247.77999877929688,236.01881408691406,1805000
2022-07-12,247.77999877929688,250.08999633789062,245.67999267578125,246.97000122070312,235.2472381591797,2699300
2022-07-13,246.3699951171875,248.75,245.16000366210938,247.08999633789062,235.36155700683594,2498000
2022-07-14,245.02000427246094,246.82000732421875,242.9499969482422,245.58999633789062,233.93276977539062,2886400
2022-07-15,247.38999938964844,249.1300048828125,245.44000244140625,248.69000244140625,236.88563537597656,2805500
2022-07-18,248.5500030517578,249.4499969482422,242.9199981689453,243.83999633789062,232.2658233642578,2231400
2022-07-19,246.9600067138672,247.77999877929688,245.0399932861328,247.32000732421875,235.58067321777344,3375000
2022-07-20,246.6999969482422,248.4600067138672,244.64999389648438,246.6300048828125,234.92340087890625,2664600
2022-07-21,245.74000549316406,246.8000030517578,243.61000061035156,245.77999877929688,234.11373901367188,2009500
2022-07-22,246.8000030517578,249.1300048828125,245.22000122070312,245.9499969482422,234.2756805419922,1843600
2022-07-25,246.86000061035156,249.08999633789062,246.55999755859375,248.72000122070312,236.91419982910156,1771100
2022-07-26,249.6300048828125,253.77000427246094,248.75,251.13999938964844,239.2193145751953,2528600
2022-07-27,249.16000366210938,252.75,248.08999633789062,251.72000122070312,239.7718048095703,2180900
2022-07-28,251.72000122070312,251.72000122070312,245.72999572753906,249.75,237.89532470703125,2214400
2022-07-29,248.4600067138672,249.57000732421875,245.74000549316406,247.47000122070312,235.72352600097656,3289700
2022-08-01,247.33999633789062,248.16000366210938,244.64999389648438,245.63999938964844,233.98037719726562,1960500
2022-08-02,246.69000244140625,247.85000610351562,243.77999877929688,243.91000366210938,232.33250427246094,2295100
2022-08-03,245.94000244140625,249.3300018310547,245.17999267578125,247.13999938964844,235.4091796875,2061400
2022-08-04,247.0,249.0,246.1999969482422,246.97999572753906,235.2567596435547,2650600
2022-08-05,246.4600067138672,247.0800018310547,241.7899932861328,246.25,234.56143188476562,2723900
2022-08-08,245.0,247.74000549316406,244.30999755859375,247.2899932861328,235.55206298828125,2784400
2022-08-09,247.2100067138672,249.72000122070312,247.2100067138672,248.36000061035156,236.5712890625,2061600
2022-08-10,249.80999755859375,252.4600067138672,248.52999877929688,252.08999633789062,240.12423706054688,2628600
2022-08-11,252.0399932861328,253.36000061035156,247.99000549316406,248.35000610351562,236.561767578125,2686900
2022-08-12,248.52000427246094,249.85000610351562,246.3000030517578,248.38999938964844,236.59988403320312,3461100
2022-08-15,249.07000732421875,251.52999877929688,247.8800048828125,251.0800018310547,239.16217041015625,2659100
2022-08-16,251.86000061035156,254.16000366210938,251.66000366210938,253.14999389648438,241.1339111328125,2206100
2022-08-17,251.19000244140625,252.64999389648438,249.75,250.5800018310547,240.52919006347656,1882200
2022-08-18,250.92999267578125,251.0399932861328,247.9499969482422,249.6999969482422,239.68446350097656,1888800
2022-08-19,247.6300048828125,252.00999450683594,247.6300048828125,250.86000061035156,240.79795837402344,2207500
2022-08-22,249.97999572753906,251.22999572753906,246.5399932861328,246.89999389648438,236.9967803955078,3078300
2022-08-23,246.69000244140625,246.69000244140625,242.85000610351562,244.47000122070312,234.6642608642578,2659700
2022-08-24,243.57000732421875,244.97999572753906,242.61000061035156,244.49000549316406,234.6834716796875,2329200
2022-08-25,246.00999450683594,246.05999755859375,243.80999755859375,245.67999267578125,235.82571411132812,1725400
2022-08-26,244.0500030517578,246.36000061035156,240.4499969482422,240.64999389648438,230.99749755859375,2969400
2022-08-29,238.83999633789062,241.02999877929688,238.00999450683594,239.3800048828125,229.77842712402344,2113000
2022-08-30,239.8800048828125,240.30999755859375,238.2899932861328,239.1199951171875,229.52883911132812,3673000
2022-08-31,241.58999633789062,243.88999938964844,239.85000610351562,240.3000030517578,230.6614990234375,4303900
2022-09-01,241.1199951171875,245.74000549316406,240.74000549316406,245.5,235.6529541015625,2488200
2022-09-02,246.47999572753906,247.77999877929688,241.33999633789062,242.3699951171875,232.64846801757812,2325100
2022-09-06,243.74000549316406,244.58999633789062,241.5399932861328,242.22000122070312,232.50450134277344,2102600
2022-09-07,242.8000030517578,245.32000732421875,242.27000427246094,244.7899932861328,234.97142028808594,2127300
2022-09-08,244.8000030517578,246.0,242.91000366210938,245.4499969482422,235.60494995117188,2895800
2022-09-09,245.4499969482422,249.22999572753906,245.02999877929688,247.69000244140625,237.75509643554688,2318000
2022-09-12,238.0,241.6999969482422,235.11000061035156,237.6199951171875,228.08900451660156,6294600
2022-09-13,237.02999877929688,237.13999938964844,226.6199951171875,226.86000061035156,217.76060485839844,4447200
2022-09-14,227.52999877929688,228.77999877929688,226.1300048828125,228.1199951171875,218.9700469970703,2715600
2022-09-15,228.10000610351562,229.00999450683594,225.86000061035156,227.66000366210938,218.52850341796875,2206100
2022-09-16,226.88999938964844,232.22000122070312,226.61000061035156,231.13999938964844,221.86891174316406,4604100
2022-09-19,230.63999938964844,230.86000061035156,227.10000610351562,230.75999450683594,221.50416564941406,1981400
2022-09-20,228.5,229.99000549316406,226.52999877929688,227.7100067138672,218.57650756835938,1745900
2022-09-21,229.1300048828125,230.6199951171875,224.36000061035156,224.4600067138672,215.4568634033203,2186300
2022-09-22,223.5500030517578,229.3699951171875,223.3000030517578,227.75,218.61489868164062,2081200
2022-09-23,227.99000549316406,228.61000061035156,224.55999755859375,226.97000122070312,217.86619567871094,2148600
2022-09-26,226.77000427246094,228.63999938964844,225.3800048828125,226.8699951171875,217.7701873779297,2454000
2022-09-27,226.97000122070312,229.9600067138672,225.02000427246094,225.99000549316406,216.92550659179688,2009800
2022-09-28,229.9600067138672,231.8699951171875,227.74000549316406,230.97999572753906,221.71531677246094,2782400
2022-09-29,231.5500030517578,231.5500030517578,226.97000122070312,228.41000366210938,219.24842834472656,2335700
2022-09-30,228.4199981689453,230.0,225.1699981689453,225.39999389648438,216.35916137695312,2543400
2022-10-03,228.27000427246094,230.9499969482422,226.4199981689453,230.44000244140625,221.19700622558594,2521700
2022-10-04,230.97999572753906,234.08999633789062,229.8000030517578,233.02000427246094,223.67352294921875,2331000
2022-10-05,232.6300048828125,235.4199981689453,230.9600067138672,233.82000732421875,224.4414520263672,2060400
2022-10-06,232.52000427246094,233.13999938964844,230.22999572753906,230.94000244140625,221.6769561767578,1523800
2022-10-07,230.0,231.52000427246094,228.57000732421875,229.02999877929688,219.84353637695312,2060000
2022-10-10,231.0800018310547,234.13999938964844,229.88999938964844,232.14999389648438,222.8384246826172,1630100
2022-10-11,239.49000549316406,250.47999572753906,237.83999633789062,245.44000244140625,235.59535217285156,6256000
2022-10-12,244.36000061035156,248.72999572753906,243.41000366210938,246.44000244140625,236.5552520751953,2639800
2022-10-13,244.77000427246094,252.3699951171875,242.83999633789062,251.66000366210938,241.5658721923828,3288900
2022-10-14,252.0,253.11000061035156,250.22999572753906,251.33999633789062,241.2587127685547,2864400
2022-10-17,251.4199981689453,253.4199981689453,249.49000549316406,252.92999267578125,242.78492736816406,2577100
2022-10-18,253.86000061035156,254.6999969482422,251.02999877929688,252.1199951171875,242.00741577148438,2060000
2022-10-19,251.30999755859375,252.35000610351562,246.94000244140625,248.19000244140625,238.23504638671875,1883000
2022-10-20,247.5500030517578,249.05999755859375,246.00999450683594,247.4499969482422,237.5247039794922,2058000
2022-10-21,247.52000427246094,252.38999938964844,247.00999450683594,251.94000244140625,241.8346405029297,3531200
2022-10-24,254.9499969482422,261.5899963378906,254.89999389648438,261.32000732421875,250.83839416503906,2883200
2022-10-25,260.489990234375,261.7900085449219,257.19000244140625,259.989990234375,249.5617218017578,2548900
2022-10-26,262.989990234375,267.9800109863281,261.510009765625,266.6600036621094,255.96424865722656,3008900
2022-10-27,268.0,269.30999755859375,265.8800048828125,267.2300109863281,256.5113525390625,2260900
2022-10-28,269.67999267578125,274.5400085449219,269.1199951171875,273.80999755859375,262.8274230957031,2924100
2022-10-31,269.20001220703125,271.80999755859375,268.0,270.3500061035156,259.5062255859375,3033600
2022-11-01,269.6000061035156,272.8699951171875,268.3800048828125,272.05999755859375,261.1476135253906,2062600
2022-11-02,271.6400146484375,274.8800048828125,268.95001220703125,269.010009765625,258.219970703125,2637300
2022-11-03,268.5299987792969,268.6000061035156,265.0199890136719,265.8800048828125,255.2154998779297,2779500
2022-11-04,261.94000244140625,269.29998779296875,259.8399963378906,269.0400085449219,258.248779296875,3402000
2022-11-07,268.1499938964844,277.4800109863281,267.75,277.0199890136719,265.90863037109375,2926700
2022-11-08,282.57000732421875,296.6700134277344,282.2200012207031,292.3900146484375,280.6622009277344,6911300
2022-11-09,290.0,296.2200012207031,289.260009765625,289.6499938964844,278.0320739746094,3469100
2022-11-10,294.0799865722656,294.4800109863281,285.3500061035156,291.010009765625,279.3375244140625,4083200
2022-11-11,288.54998779296875,289.3599853515625,279.6199951171875,285.0199890136719,273.5877685546875,3255100
2022-11-14,284.70001220703125,290.8999938964844,284.70001220703125,285.29998779296875,273.8565368652344,2812800
2022-11-15,286.0199890136719,289.42999267578125,280.2200012207031,283.6000061035156,272.2247314453125,2763200
2022-11-16,284.0199890136719,286.989990234375,282.55999755859375,283.7699890136719,274.2640686035156,2443500
2022-11-17,282.9200134277344,288.79998779296875,282.6600036621094,287.29998779296875,277.6758117675781,2172000
2022-11-18,284.42999267578125,288.739990234375,284.42999267578125,287.2900085449219,277.6661682128906,2371700
2022-11-21,289.0899963378906,291.6000061035156,287.8999938964844,288.1600036621094,278.50701904296875,2795100
2022-11-22,288.010009765625,289.3999938964844,283.5199890136719,287.04998779296875,277.4341735839844,3636000
2022-11-23,287.44000244140625,289.5400085449219,281.6000061035156,283.3999938964844,273.9064636230469,2875600
2022-11-25,281.95001220703125,285.57000732421875,281.4100036621094,283.739990234375,274.23504638671875,1220700
2022-11-28,285.0,288.2799987792969,282.19000244140625,282.6199951171875,273.1525573730469,2375900
2022-11-29,283.3800048828125,283.3800048828125,279.67999267578125,281.989990234375,272.543701171875,2135300
2022-11-30,282.55999755859375,287.9599914550781,278.92999267578125,286.3999938964844,276.8059387207031,5776200
2022-12-01,288.0,288.0899963378906,279.8800048828125,285.94000244140625,276.3613586425781,2914600
2022-12-02,284.05999755859375,286.1199951171875,283.19000244140625,285.510009765625,275.94580078125,2267000
2022-12-05,283.7900085449219,286.7799987792969,283.0,284.9100036621094,275.36590576171875,3274700
2022-12-06,285.8399963378906,287.44000244140625,281.69000244140625,283.2900085449219,273.8001403808594,2608800
2022-12-07,283.4100036621094,285.92999267578125,281.80999755859375,285.760009765625,276.18743896484375,2492600
2022-12-08,286.510009765625,286.5899963378906,283.739990234375,285.57000732421875,276.0037841796875,1769800
2022-12-09,284.19000244140625,285.1700134277344,278.3399963378906,278.6499938964844,269.3155822753906,2205700
2022-12-12,272.82000732421875,279.4800109863281,272.6300048828125,276.7799987792969,267.5082092285156,3427400
2022-12-13,282.0199890136719,282.6700134277344,271.6199951171875,272.260009765625,263.1396484375,3871300
2022-12-14,271.9700012207031,273.3699951171875,267.2900085449219,271.1300048828125,262.0474853515625,3795000
2022-12-15,270.44000244140625,271.1199951171875,263.45001220703125,266.1400146484375,257.2246398925781,3200400
2022-12-16,264.95001220703125,267.9800109863281,264.30999755859375,267.4100036621094,258.4521179199219,8789000
2022-12-19,266.82000732421875,268.9100036621094,263.80999755859375,265.70001220703125,256.7994079589844,2679800
2022-12-20,266.69000244140625,267.67999267578125,262.82000732421875,264.75,255.8812255859375,1609100
2022-12-21,264.8800048828125,267.3999938964844,264.25,266.260009765625,257.3406066894531,2057000
2022-12-22,265.79998779296875,266.1700134277344,263.19000244140625,265.260009765625,256.3741149902344,1979100
2022-12-23,264.8800048828125,265.2900085449219,262.8999938964844,263.9200134277344,255.07904052734375,1465500
2022-12-27,265.69000244140625,266.6099853515625,262.8800048828125,263.3900146484375,254.56678771972656,1604700
2022-12-28,264.4200134277344,265.6199951171875,261.1400146484375,261.4200134277344,252.66278076171875,1349500
2022-12-29,262.4700012207031,264.8800048828125,262.1400146484375,263.1600036621094,254.34451293945312,1446400
2022-12-30,262.7300109863281,263.2300109863281,259.510009765625,262.6400146484375,253.8419189453125,1622000
2023-01-03,260.8699951171875,262.6000061035156,258.8699951171875,261.6499938964844,252.8850555419922,2594800
2023-01-04,263.010009765625,265.010009765625,261.0,264.3900146484375,255.53329467773438,1773800
2023-01-05,264.07000732421875,268.0,262.5199890136719,266.8599853515625,257.9205017089844,2056000
2023-01-06,270.0400085449219,276.82000732421875,269.0299987792969,275.20001220703125,265.9811706542969,2887800
2023-01-09,275.5799865722656,275.5799865722656,268.6600036621094,270.1199951171875,261.0713195800781,2160700
2023-01-10,271.95001220703125,274.6099853515625,270.1099853515625,273.8800048828125,264.7053527832031,1783400
2023-01-11,275.9700012207031,276.8399963378906,270.17999267578125,272.9100036621094,263.7678527832031,2044400
2023-01-12,271.9200134277344,272.6499938964844,268.8900146484375,270.9200134277344,261.8445739746094,1454100
2023-01-13,270.94000244140625,272.2300109863281,270.20001220703125,271.7300109863281,262.6274108886719,1696800
2023-01-17,272.20001220703125,273.8299865722656,268.8299865722656,269.4200134277344,260.394775390625,2472800
2023-01-18,269.4200134277344,270.5199890136719,263.6499938964844,264.3900146484375,255.53329467773438,2218100
2023-01-19,262.0,263.5199890136719,260.92999267578125,262.0299987792969,253.25233459472656,2090500
2023-01-20,262.0299987792969,263.8399963378906,259.8699951171875,263.239990234375,254.42176818847656,2574100
2023-01-23,264.0,264.7300109863281,259.80999755859375,260.9700012207031,252.22784423828125,2025000
2023-01-24,261.8500061035156,262.0,257.5199890136719,259.70001220703125,251.00038146972656,1596900
2023-01-25,260.0899963378906,261.54998779296875,256.0199890136719,256.5400085449219,247.9462432861328,1910600
2023-01-26,256.5400085449219,256.69000244140625,253.00999450683594,254.8800048828125,246.3418426513672,2522100
2023-01-27,254.8699951171875,255.5,252.5399932861328,253.64999389648438,245.15306091308594,2109900
2023-01-30,253.4600067138672,254.16000366210938,250.60000610351562,251.58999633789062,243.16204833984375,2042800
2023-01-31,253.86000061035156,253.86000061035156,249.88999938964844,252.39999389648438,243.94491577148438,3418300
2023-02-01,249.16000366210938,249.5500030517578,240.0,246.41000366210938,238.15560913085938,5344700
2023-02-02,243.77999877929688,246.57000732421875,236.3699951171875,246.52999877929688,238.27154541015625,5489100
2023-02-03,249.9600067138672,249.9600067138672,242.2100067138672,245.1699981689453,236.9571075439453,3073000
2023-02-06,245.36000061035156,246.8000030517578,243.4499969482422,243.85000610351562,235.68133544921875,2196900
2023-02-07,243.02000427246094,244.94000244140625,241.4199981689453,244.0,235.82632446289062,2408000
2023-02-08,242.99000549316406,243.55999755859375,239.60000610351562,240.1999969482422,232.1536102294922,2761200
2023-02-09,241.1199951171875,243.4600067138672,238.99000549316406,240.0,231.96029663085938,3056200
2023-02-10,241.9199981689453,244.13999938964844,240.41000366210938,242.5,234.37657165527344,2687200
2023-02-13,243.1999969482422,243.8300018310547,241.3000030517578,243.66000366210938,235.49769592285156,2321900
2023-02-14,242.6999969482422,243.0,239.11000061035156,241.02999877929688,235.01019287109375,2015900
2023-02-15,240.2100067138672,240.5399932861328,238.72999572753906,240.07000732421875,234.0741729736328,1783300
2023-02-16,238.4600067138672,239.00999450683594,234.0399932861328,234.22000122070312,228.3702850341797,3291800
2023-02-17,235.33999633789062,241.72000122070312,233.7100067138672,240.52999877929688,234.52267456054688,2978100
2023-02-21,240.7899932861328,241.9199981689453,238.1999969482422,238.24000549316406,232.2898712158203,2524100
2023-02-22,240.3000030517578,240.99000549316406,235.75,236.16000366210938,230.26181030273438,2187600
2023-02-23,236.6999969482422,237.86000061035156,234.75,237.6199951171875,231.6853485107422,2211600
2023-02-24,236.8300018310547,237.05999755859375,233.1199951171875,233.66000366210938,227.8242645263672,1853900
2023-02-27,235.22000122070312,235.22000122070312,232.88999938964844,234.4499969482422,228.5945281982422,1723000
2023-02-28,233.6300048828125,234.47000122070312,231.60000610351562,231.66000366210938,225.87420654296875,2615700
2023-03-01,230.3699951171875,236.44000244140625,230.13999938964844,236.19000244140625,230.29107666015625,2441300
2023-03-02,236.1199951171875,236.3699951171875,233.89999389648438,234.74000549316406,228.8772735595703,1777100
2023-03-03,235.0,235.88999938964844,233.60000610351562,234.80999755859375,228.94552612304688,2214500
2023-03-06,235.0,235.6300048828125,233.63999938964844,235.11000061035156,229.23805236816406,2591000
2023-03-07,235.11000061035156,235.1999969482422,228.35000610351562,228.72000122070312,223.00762939453125,2362200
2023-03-08,230.16000366210938,231.8000030517578,227.3699951171875,228.42999267578125,222.724853515625,1842200
2023-03-09,229.49000549316406,229.8300018310547,225.39999389648438,225.7899932861328,220.1508026123047,1736900
2023-03-10,226.77000427246094,230.27999877929688,225.6300048828125,227.8699951171875,222.17884826660156,2661800
2023-03-13,231.17999267578125,237.27000427246094,230.5,233.17999267578125,227.3562469482422,3146000
2023-03-14,233.4600067138672,233.4600067138672,229.41000366210938,230.5800018310547,224.8211669921875,3227100
2023-03-15,230.39999389648438,235.57000732421875,228.5500030517578,234.89999389648438,229.0332794189453,3092300
2023-03-16,233.74000549316406,234.66000366210938,230.05999755859375,234.57000732421875,228.71151733398438,2326000
2023-03-17,233.57000732421875,233.80999755859375,228.52000427246094,229.7899932861328,224.0509033203125,7817000
2023-03-20,230.5800018310547,235.16000366210938,230.13999938964844,234.72000122070312,228.8577880859375,2020800
2023-03-21,234.72000122070312,235.27999877929688,231.0399932861328,232.9499969482422,227.13198852539062,2128600
2023-03-22,233.4499969482422,233.9499969482422,229.58999633789062,229.8300018310547,224.08990478515625,1725100
2023-03-23,230.0399932861328,234.10000610351562,229.88999938964844,233.10000610351562,227.2782440185547,2175700
2023-03-24,234.22000122070312,238.5,233.00999450683594,238.02999877929688,232.08511352539062,2547300
2023-03-27,239.61000061035156,239.9499969482422,235.07000732421875,236.75999450683594,230.84683227539062,2129100
2023-03-28,237.0,238.67999267578125,236.91000366210938,238.47999572753906,232.52386474609375,1887800
2023-03-29,239.7100067138672,241.58999633789062,238.3300018310547,241.02999877929688,235.01019287109375,2744000
2023-03-30,242.52999877929688,242.80999755859375,240.11000061035156,241.5,235.4684600830078,2577000
2023-03-31,241.42999267578125,242.39999389648438,239.14999389648438,241.75,235.7122039794922,2762500
2023-04-03,242.0,244.75,241.36000061035156,244.44000244140625,238.3350067138672,2478700
2023-04-04,244.52000427246094,248.11000061035156,243.8000030517578,247.52999877929688,241.34783935546875,2942800
2023-04-05,248.57000732421875,253.7100067138672,248.22999572753906,253.3699951171875,247.04197692871094,2468000
2023-04-06,254.36000061035156,255.42999267578125,252.92999267578125,253.32000732421875,246.99325561523438,2047800
2023-04-10,256.44000244140625,256.44000244140625,250.0500030517578,250.89999389648438,244.6336669921875,1595600
2023-04-11,251.4199981689453,253.0800018310547,250.97999572753906,251.42999267578125,245.15042114257812,1272800
2023-04-12,252.5,252.7100067138672,248.8800048828125,249.5,243.26866149902344,2268900
2023-04-13,248.60000610351562,251.89999389648438,248.27000427246094,251.44000244140625,245.16018676757812,2020900
2023-04-14,250.6199951171875,251.75999450683594,248.9600067138672,250.0,243.7561492919922,1866200
2023-04-17,250.88999938964844,251.5,247.5800018310547,248.07000732421875,241.87437438964844,1784800
2023-04-18,248.3699951171875,249.00999450683594,244.64999389648438,246.08999633789062,239.94381713867188,1638800
2023-04-19,245.25,246.75999450683594,244.3699951171875,246.2100067138672,240.06082153320312,1246500
2023-04-20,246.1199951171875,246.39999389648438,243.0500030517578,243.4600067138672,237.3795166015625,1691300
2023-04-21,243.4600067138672,243.9199981689453,242.64999389648438,243.86000061035156,237.76951599121094,1721300
2023-04-24,243.1999969482422,245.3699951171875,242.3300018310547,244.4499969482422,238.34475708007812,1232100
2023-04-25,245.1199951171875,246.52999877929688,244.30999755859375,244.8699951171875,238.75428771972656,1509700
2023-04-26,242.0800018310547,243.5500030517578,238.5800018310547,238.8000030517578,232.83587646484375,2002900
2023-04-27,239.24000549316406,240.7100067138672,235.39999389648438,240.33999633789062,234.33741760253906,2533900
2023-04-28,236.82000732421875,240.10000610351562,233.1699981689453,239.74000549316406,233.75241088867188,2721400
2023-05-01,240.02999877929688,241.3000030517578,238.08999633789062,238.89999389648438,232.93338012695312,1920500
2023-05-02,238.0800018310547,239.0,235.38999938964844,235.97000122070312,230.07656860351562,2127200
2023-05-03,235.97000122070312,236.3000030517578,228.97999572753906,229.30999755859375,223.58290100097656,2998000
2023-05-04,230.30999755859375,232.02999877929688,229.14999389648438,231.88999938964844,226.0984649658203,2228500
2023-05-05,232.66000366210938,237.0399932861328,232.07000732421875,236.52999877929688,230.62258911132812,2806800
2023-05-08,235.33999633789062,235.74000549316406,232.1999969482422,234.6199951171875,228.76028442382812,1667800
2023-05-09,234.63999938964844,235.44000244140625,233.22000122070312,234.42999267578125,228.57501220703125,1468900
2023-05-10,234.88999938964844,235.0,231.35000610351562,234.11000061035156,228.2630157470703,1530800
2023-05-11,234.64999389648438,234.99000549316406,230.41000366210938,232.2899932861328,226.48846435546875,1612400
2023-05-12,233.02999877929688,233.5500030517578,231.2100067138672,232.9499969482422,227.13198852539062,1295600
2023-05-15,233.27000427246094,233.9199981689453,232.1199951171875,233.52999877929688,227.69749450683594,1551300
2023-05-16,234.2100067138672,234.50999450683594,227.74000549316406,227.8800048828125,222.18861389160156,2646500
2023-05-17,226.02000427246094,226.08999633789062,220.44000244140625,225.02000427246094,221.4701385498047,3352900
2023-05-18,224.75,224.75,221.9199981689453,224.22999572753906,220.6925811767578,2245300
2023-05-19,224.44000244140625,225.8800048828125,222.77999877929688,223.4199981689453,219.89537048339844,2395700
2023-05-22,224.85000610351562,226.82000732421875,222.82000732421875,223.99000549316406,220.45639038085938,1848600
2023-05-23,224.2100067138672,226.82000732421875,222.8000030517578,224.44000244140625,220.8992919921875,2296600
2023-05-24,225.63999938964844,225.9600067138672,221.0399932861328,221.32000732421875,217.82850646972656,1765000
2023-05-25,220.10000610351562,220.10000610351562,214.92999267578125,217.4600067138672,214.02938842773438,2968200
2023-05-26,215.9600067138672,218.47999572753906,214.47999572753906,216.92999267578125,213.5077362060547,3081000
2023-05-30,215.02999877929688,219.0,214.72000122070312,218.52999877929688,215.08250427246094,3125900
2023-05-31,219.5800018310547,221.85000610351562,217.19000244140625,220.64999389648438,217.16905212402344,3884700
2023-06-01,219.9600067138672,220.60000610351562,211.7100067138672,214.27000427246094,210.8897247314453,4831400
2023-06-02,213.75,218.75999450683594,212.02000427246094,218.07000732421875,214.62977600097656,3687200
2023-06-05,219.6699981689453,223.0399932861328,218.47000122070312,221.8800048828125,218.3796844482422,2498700
2023-06-06,223.0800018310547,223.1699981689453,219.27999877929688,221.22000122070312,217.73007202148438,1736100
2023-06-07,220.75999450683594,221.8699951171875,219.72999572753906,221.25,217.75961303710938,2555400
2023-06-08,221.25999450683594,221.88999938964844,219.36000061035156,220.75999450683594,217.27732849121094,1877300
2023-06-09,219.33999633789062,220.94000244140625,217.77000427246094,218.75999450683594,215.3088836669922,1707900
2023-06-12,219.25,219.25,215.32000732421875,217.36000061035156,213.93096923828125,2704300
2023-06-13,217.42999267578125,222.33999633789062,216.92999267578125,221.99000549316406,218.48793029785156,2318500
2023-06-14,223.25999450683594,223.69000244140625,221.10000610351562,222.27999877929688,218.77334594726562,2453000
2023-06-15,223.00999450683594,228.85000610351562,222.97000122070312,228.44000244140625,224.836181640625,2633900
2023-06-16,230.0399932861328,231.9499969482422,227.75,229.66000366210938,226.0369415283203,6765000
2023-06-20,229.02999877929688,230.83999633789062,227.19000244140625,228.58999633789062,224.9838104248047,2492700
2023-06-21,228.17999267578125,230.0,225.58999633789062,227.0399932861328,223.458251953125,2282600
2023-06-22,227.30999755859375,229.8800048828125,226.75999450683594,229.66000366210938,226.0369415283203,1607200
2023-06-23,229.8699951171875,230.5399932861328,226.41000366210938,227.11000061035156,223.52716064453125,4130700
2023-06-26,226.8000030517578,226.8000030517578,220.1199951171875,224.72999572753906,221.1846923828125,2565500
2023-06-27,224.16000366210938,224.63999938964844,221.1300048828125,222.61000061035156,219.09814453125,2705900
2023-06-28,222.24000549316406,222.35000610351562,218.64999389648438,221.30999755859375,217.8186492919922,2263400
2023-06-29,219.6199951171875,221.66000366210938,218.8800048828125,221.16000366210938,217.67103576660156,1860300
2023-06-30,222.0,223.11000061035156,221.00999450683594,222.02000427246094,218.5174560546875,2843300
2023-07-03,221.2100067138672,225.57000732421875,219.83999633789062,225.00999450683594,221.4602813720703,1479200
2023-07-05,224.66000366210938,227.32000732421875,222.41000366210938,225.8800048828125,222.31655883789062,2440400
2023-07-06,224.9199981689453,225.99000549316406,221.6999969482422,222.97999572753906,219.46231079101562,2457800
2023-07-07,221.86000061035156,222.16000366210938,218.44000244140625,218.64999389648438,215.20062255859375,2841500
2023-07-10,219.16000366210938,224.89999389648438,218.61000061035156,224.72999572753906,221.1846923828125,2501700
2023-07-11,223.8300018310547,225.5800018310547,222.27000427246094,223.86000061035156,220.32843017578125,2022200
2023-07-12,225.1699981689453,227.32000732421875,224.08999633789062,225.67999267578125,222.11972045898438,2619500
2023-07-13,225.85000610351562,228.1199951171875,225.0,227.66000366210938,224.0684814453125,1803600
2023-07-14,227.83999633789062,228.66000366210938,225.9600067138672,227.42999267578125,223.84210205078125,2044000
2023-07-17,226.8699951171875,228.60000610351562,224.33999633789062,227.83999633789062,224.24563598632812,2049200
2023-07-18,227.7899932861328,234.07000732421875,227.39999389648438,232.57000732421875,228.90103149414062,2621200
2023-07-19,232.97999572753906,234.5500030517578,231.99000549316406,232.0500030517578,228.3892364501953,2047200
2023-07-20,233.80999755859375,238.47999572753906,232.91000366210938,233.22999572753906,229.5506134033203,3741300
2023-07-21,233.77000427246094,236.3800048828125,232.77999877929688,234.82000732421875,231.11553955078125,9381100
2023-07-24,235.0,236.1300048828125,233.9199981689453,235.4199981689453,231.7060546875,1771300
2023-07-25,234.36000061035156,236.57000732421875,234.27999877929688,235.30999755859375,231.59779357910156,1325600
2023-07-26,233.9499969482422,235.74000549316406,232.44000244140625,235.2100067138672,231.49937438964844,1576800
2023-07-27,234.47999572753906,238.47999572753906,234.30999755859375,236.0500030517578,232.3261260986328,2439600
2023-07-28,236.82000732421875,238.17999267578125,235.08999633789062,236.3699951171875,232.6410675048828,1889500
2023-07-31,236.47999572753906,236.47999572753906,233.02000427246094,234.14999389648438,230.45608520507812,2826600
2023-08-01,234.92999267578125,235.3800048828125,230.58999633789062,232.1199951171875,228.45811462402344,1843400
2023-08-02,232.72000122070312,233.02999877929688,228.6999969482422,230.41000366210938,226.7751007080078,2593500
2023-08-03,230.7899932861328,231.10000610351562,228.2100067138672,230.6999969482422,227.06051635742188,2322200
2023-08-04,237.91000366210938,246.4199981689453,237.0,243.27999877929688,239.4420623779297,5181200
2023-08-07,244.25,253.82000732421875,243.4600067138672,252.94000244140625,248.9496612548828,4076600
2023-08-08,257.5199890136719,263.7900085449219,256.5,260.79998779296875,256.6856384277344,5321600
2023-08-09,259.9200134277344,263.7699890136719,259.1199951171875,259.32000732421875,255.22903442382812,2428100
2023-08-10,261.5400085449219,264.7799987792969,260.4599914550781,262.05999755859375,257.92578125,1919200
2023-08-11,261.70001220703125,264.1099853515625,260.8299865722656,262.510009765625,258.3686828613281,1560600
2023-08-14,262.2200012207031,263.4700012207031,259.8500061035156,260.9700012207031,256.8529968261719,1966100
2023-08-15,261.32000732421875,266.6300048828125,259.9599914550781,266.010009765625,261.8135070800781,2781200
2023-08-16,266.3299865722656,268.239990234375,264.5799865722656,265.0199890136719,260.8390808105469,2244000
2023-08-17,263.8699951171875,266.5799865722656,263.2699890136719,263.8500061035156,261.7916259765625,2256100
2023-08-18,262.6099853515625,262.989990234375,261.07000732421875,261.82000732421875,259.7774658203125,2814500
2023-08-21,261.5799865722656,262.4700012207031,259.010009765625,260.70001220703125,258.66619873046875,2324100
2023-08-22,260.239990234375,260.3999938964844,257.3500061035156,257.6199951171875,255.61021423339844,1720300
2023-08-23,259.5,259.8500061035156,255.97999572753906,257.3599853515625,255.35223388671875,2256800
2023-08-24,256.7300109863281,260.19000244140625,256.1700134277344,256.6199951171875,254.61801147460938,1888900
2023-08-25,257.1099853515625,257.739990234375,254.80999755859375,256.3800048828125,254.37989807128906,1786600
2023-08-28,256.9599914550781,258.1199951171875,255.13999938964844,256.54998779296875,254.54855346679688,1661300
2023-08-29,257.3599853515625,259.8500061035156,256.82000732421875,259.6400146484375,257.6144714355469,2216600
2023-08-30,260.0,260.8699951171875,256.95001220703125,257.8800048828125,255.86819458007812,1694300
2023-08-31,258.2200012207031,259.0,256.2900085449219,256.3399963378906,254.34019470214844,2065000
2023-09-01,258.67999267578125,259.0299987792969,256.1000061035156,256.7099914550781,254.70730590820312,1349700
2023-09-05,256.7099914550781,257.3900146484375,253.9199981689453,254.00999450683594,252.0283660888672,1763600
2023-09-06,254.44000244140625,254.44000244140625,248.3800048828125,249.00999450683594,247.0673828125,1988900
2023-09-07,250.5399932861328,254.6999969482422,250.39999389648438,254.38999938964844,252.40541076660156,2228300
2023-09-08,255.75,260.3399963378906,254.97000122070312,259.42999267578125,257.4060974121094,2449000
2023-09-11,258.2099914550781,262.80999755859375,257.4100036621094,261.7200012207031,259.67822265625,2135100
2023-09-12,262.67999267578125,263.0199890136719,257.8599853515625,260.30999755859375,258.27923583984375,1574000
2023-09-13,259.3399963378906,260.2200012207031,257.0199890136719,257.2300109863281,255.2232666015625,2182800
2023-09-14,258.8999938964844,263.1400146484375,258.5400085449219,262.29998779296875,260.2536926269531,3072400
2023-09-15,263.760009765625,263.92999267578125,259.82000732421875,260.7200012207031,258.68603515625,6161100
2023-09-18,263.3800048828125,265.2200012207031,261.92999267578125,263.1499938964844,261.0970764160156,1770100
2023-09-19,263.1400146484375,265.7699890136719,262.44000244140625,264.30999755859375,262.2480163574219,1528200
2023-09-20,265.0,273.0799865722656,263.9700012207031,271.4599914550781,269.34222412109375,3575300
2023-09-21,272.07000732421875,272.4800109863281,267.70001220703125,269.4100036621094,267.3082275390625,2437100
2023-09-22,267.6700134277344,269.5,266.5199890136719,267.70001220703125,265.6116027832031,1894100
2023-09-25,267.5400085449219,267.80999755859375,265.010009765625,266.8599853515625,264.7781066894531,1705300
2023-09-26,266.67999267578125,269.8900146484375,265.6700134277344,269.0400085449219,266.9411315917969,2367600
2023-09-27,271.7300109863281,273.6099853515625,266.760009765625,268.9800109863281,266.881591796875,2331900
2023-09-28,267.7900085449219,271.3800048828125,266.5400085449219,270.82000732421875,268.7072448730469,2430700
2023-09-29,271.0,271.0,267.2200012207031,268.760009765625,266.663330078125,2117500
2023-10-02,267.7099914550781,268.489990234375,264.3800048828125,266.30999755859375,264.232421875,1912300
2023-10-03,264.0400085449219,266.0199890136719,259.6700134277344,261.010009765625,258.9737854003906,2797900
2023-10-04,262.1000061035156,266.1400146484375,260.9100036621094,265.44000244140625,263.36920166015625,2526400
2023-10-05,266.19000244140625,267.9200134277344,262.5400085449219,265.0799865722656,263.0119934082031,2883700
2023-10-06,263.1499938964844,268.5899963378906,262.2300109863281,267.4700012207031,265.38336181640625,2838000
2023-10-09,271.0400085449219,272.6000061035156,268.5799865722656,271.5400085449219,269.421630859375,2284300
2023-10-10,270.8900146484375,272.0899963378906,268.1199951171875,271.25,269.1338806152344,1808700
2023-10-11,274.8599853515625,284.3299865722656,274.1499938964844,283.6000061035156,281.3875427246094,4523100
2023-10-12,283.9800109863281,287.8500061035156,283.6000061035156,285.0400085449219,282.8163146972656,3052600
2023-10-13,287.70001220703125,288.4599914550781,280.0,284.1000061035156,281.8836364746094,3473200
2023-10-16,284.5,287.80999755859375,283.80999755859375,286.8800048828125,284.6419372558594,2459400
2023-10-17,285.19000244140625,287.3399963378906,282.5,284.4200134277344,282.2011413574219,2863200
2023-10-18,283.29998779296875,285.25,280.989990234375,283.5799865722656,281.36767578125,2789100
2023-10-19,282.0899963378906,283.2099914550781,278.1000061035156,280.6000061035156,278.41094970703125,2536400
2023-10-20,280.6000061035156,281.05999755859375,275.75,278.80999755859375,276.6348876953125,2455000
2023-10-23,280.1199951171875,280.1199951171875,272.70001220703125,273.05999755859375,270.92974853515625,2433500
2023-10-24,272.0899963378906,277.05999755859375,271.1300048828125,276.1199951171875,273.96588134765625,2253000
2023-10-25,275.0899963378906,276.69000244140625,272.0899963378906,272.1600036621094,270.0367736816406,2302300
2023-10-26,271.5,273.44000244140625,269.1400146484375,269.7099914550781,267.60589599609375,2269900
2023-10-27,268.95001220703125,269.3599853515625,260.1600036621094,261.57000732421875,259.5294189453125,2874900
2023-10-30,265.0,266.3500061035156,262.5,263.19000244140625,261.1367492675781,2974600
2023-10-31,255.88999938964844,257.4200134277344,249.6999969482422,255.6999969482422,253.70518493652344,4885100
2023-11-01,256.2699890136719,261.19000244140625,255.08999633789062,260.8399963378906,258.8050842285156,2509600
2023-11-02,263.29998779296875,268.1000061035156,262.4599914550781,266.5899963378906,264.5102233886719,2470400
2023-11-03,268.5199890136719,270.54998779296875,265.5,269.8599853515625,267.75469970703125,2509800
2023-11-06,270.7699890136719,274.95001220703125,270.75,272.8299865722656,270.7015380859375,2768100
2023-11-07,272.9700012207031,274.0,269.3800048828125,271.1099853515625,268.9949645996094,2526500
2023-11-08,272.4200134277344,274.7699890136719,270.75,273.260009765625,271.1282043457031,1916800
2023-11-09,272.1300048828125,273.2300109863281,263.70001220703125,264.05999755859375,261.9999694824219,2266000
2023-11-10,266.6400146484375,267.94000244140625,262.510009765625,267.30999755859375,265.224609375,2070600
2023-11-13,265.67999267578125,267.2200012207031,263.5199890136719,266.69000244140625,264.6094665527344,1579800
2023-11-14,269.2200012207031,272.95001220703125,268.3599853515625,270.0199890136719,267.9134826660156,2060000
2023-11-15,270.2799987792969,274.6099853515625,270.0199890136719,273.0299987792969,270.8999938964844,2795100
2023-11-16,272.6099853515625,274.44000244140625,267.8699951171875,269.0,269.0,2366200
2023-11-17,269.4100036621094,269.4100036621094,264.6000061035156,265.3900146484375,265.3900146484375,2642900
2023-11-20,262.5899963378906,266.70001220703125,261.45001220703125,265.3500061035156,265.3500061035156,2213900
2023-11-21,265.3399963378906,266.0400085449219,260.5199890136719,262.82000732421875,262.82000732421875,2636600
2023-11-22,264.7900085449219,266.4700012207031,262.260009765625,264.5899963378906,264.5899963378906,1649100
2023-11-24,265.1199951171875,266.1000061035156,264.8900146484375,265.4599914550781,265.4599914550781,930800
2023-11-27,265.42999267578125,265.57000732421875,261.6600036621094,264.2699890136719,264.2699890136719,1846400
2023-11-28,264.3599853515625,266.6000061035156,263.6499938964844,265.5199890136719,265.5199890136719,1753400
2023-11-29,264.739990234375,268.1099853515625,263.5,266.6000061035156,266.6000061035156,2005200
2023-11-30,267.7099914550781,270.55999755859375,267.3399963378906,269.6400146484375,269.6400146484375,2686400
2023-12-01,269.9599914550781,272.5899963378906,267.6199951171875,272.45001220703125,272.45001220703125,2303400
2023-12-04,270.8800048828125,273.42999267578125,270.1000061035156,272.5400085449219,272.5400085449219,2357400
2023-12-05,271.8699951171875,272.0,268.4700012207031,270.8699951171875,270.8699951171875,1853600
2023-12-06,271.4100036621094,271.9599914550781,269.1300048828125,269.3500061035156,269.3500061035156,1765900
2023-12-07,270.5,273.4100036621094,266.6300048828125,271.30999755859375,271.30999755859375,2081300
2023-12-08,271.1700134277344,271.9700012207031,268.82000732421875,269.1199951171875,269.1199951171875,2607800
2023-12-11,271.9599914550781,275.8999938964844,270.4200134277344,272.1400146484375,272.1400146484375,2838600
2023-12-12,277.1300048828125,277.25,273.260009765625,273.989990234375,273.989990234375,2556900
2023-12-13,274.1600036621094,281.8500061035156,273.30999755859375,281.6199951171875,281.6199951171875,2380000
2023-12-14,281.32000732421875,282.7300109863281,274.0799865722656,276.32000732421875,276.32000732421875,2935200
2023-12-15,276.2699890136719,279.2699890136719,273.3299865722656,275.45001220703125,275.45001220703125,8731000
2023-12-18,277.0,277.1000061035156,274.3500061035156,275.4800109863281,275.4800109863281,2227600
2023-12-19,278.69000244140625,280.57000732421875,276.5899963378906,278.44000244140625,278.44000244140625,2484100
2023-12-20,277.8299865722656,278.79998779296875,275.010009765625,275.17999267578125,275.17999267578125,2561200
2023-12-21,276.54998779296875,279.82000732421875,276.3999938964844,279.3299865722656,279.3299865722656,1850000
2023-12-22,280.0,285.67999267578125,280.0,284.1600036621094,284.1600036621094,1813600
2023-12-26,284.1199951171875,284.7200012207031,281.6700134277344,283.8999938964844,283.8999938964844,1330400
2023-12-27,284.5,287.2900085449219,283.3500061035156,286.5299987792969,286.5299987792969,1866800
2023-12-28,287.8800048828125,289.0400085449219,287.6300048828125,288.4599914550781,288.4599914550781,1228400
2023-12-29,287.8599853515625,288.489990234375,286.3900146484375,288.0199890136719,288.0199890136719,1766600
2024-01-02,287.2799987792969,300.6499938964844,287.2799987792969,297.3900146484375,297.3900146484375,3374900
2024-01-03,300.04998779296875,303.25,297.04998779296875,300.69000244140625,300.69000244140625,2771500
2024-01-04,301.5,305.0899963378906,298.5899963378906,303.1700134277344,303.1700134277344,3357900
2024-01-05,302.20001220703125,303.5299987792969,299.760009765625,303.0,303.0,1874400
2024-01-08,301.4700012207031,311.04998779296875,300.3500061035156,310.8800048828125,310.8800048828125,3467700
2024-01-09,308.0199890136719,309.9700012207031,305.94000244140625,307.260009765625,307.260009765625,2603700
2024-01-10,307.1600036621094,307.6400146484375,304.2699890136719,304.57000732421875,304.57000732421875,2210900
2024-01-11,303.42999267578125,304.6099853515625,300.0,303.1000061035156,303.1000061035156,2137100
2024-01-12,305.239990234375,306.95001220703125,303.3999938964844,306.510009765625,306.510009765625,1567900
